Text_ID	ID	Title	Date	Body	Term	Session	Meeting	Sitting	Agenda	Subcorpus	Lang	Speaker_role	Speaker_MP	Speaker_minister	Speaker_party	Speaker_party_name	Party_status	Party_orientation	Speaker_ID	Speaker_name	Speaker_gender	Speaker_birth
ParlaMint-TR-en_2015-10-01-tbmm-T25	tbmm-2015-10-01sit01spe0001par0001	The Turkish parliamentary corpus ParlaMint-TR-en, Term 25, Year 2, Session 1	2015-10-01	Unicameralism	25	2	1	-	-	Reference	English	Chairperson	MP	notMinister	AKP	Justice and Development Party	Coalition	Right	İsmet.Yılmaz	Yılmaz, İsmet	M	1961	
ParlaMint-TR-en_2015-10-01-tbmm-T25	tbmm-2015-10-01sit01spe0002par0023	The Turkish parliamentary corpus ParlaMint-TR-en, Term 25, Year 2, Session 1	2015-10-01	Unicameralism	25	2	1	-	-	Reference	English	Regular	notMP	notMinister	AKP	Justice and Development Party	Coalition	Right	RecepTayyip.Erdoğan	Erdoğan, Recep Tayyip	M	1954	
ParlaMint-TR-en_2015-10-01-tbmm-T25	tbmm-2015-10-01sit01spe0003par0083	The Turkish parliamentary corpus ParlaMint-TR-en, Term 25, Year 2, Session 1	2015-10-01	Unicameralism	25	2	1	-	-	Reference	English	Regular	MP	notMinister	MHP	Nationalist Movement Party	Opposition	Right to far-right	Yavuz.Temizer	Temizer, Yavuz	M	1976	
ParlaMint-TR-en_2015-10-01-tbmm-T25	tbmm-2015-10-01sit01spe0002par0084	The Turkish parliamentary corpus ParlaMint-TR-en, Term 25, Year 2, Session 1	2015-10-01	Unicameralism	25	2	1	-	-	Reference	English	Regular	notMP	notMinister	AKP	Justice and Development Party	Coalition	Right	RecepTayyip.Erdoğan	Erdoğan, Recep Tayyip	M	1954	
ParlaMint-TR-en_2015-10-01-tbmm-T25	tbmm-2015-10-01sit01spe0004par0089	The Turkish parliamentary corpus ParlaMint-TR-en, Term 25, Year 2, Session 1	2015-10-01	Unicameralism	25	2	1	-	-	Reference	English	Regular	MP	notMinister	MHP	Nationalist Movement Party	Opposition	Right to far-right	Yavuz.Temizer	Temizer, Yavuz	M	1976	
ParlaMint-TR-en_2015-10-01-tbmm-T25	tbmm-2015-10-01sit01spe0002par0090	The Turkish parliamentary corpus ParlaMint-TR-en, Term 25, Year 2, Session 1	2015-10-01	Unicameralism	25	2	1	-	-	Reference	English	Regular	notMP	notMinister	AKP	Justice and Development Party	Coalition	Right	RecepTayyip.Erdoğan	Erdoğan, Recep Tayyip	M	1954	
ParlaMint-TR-en_2015-10-01-tbmm-T25	tbmm-2015-10-01sit01spe0004par0092	The Turkish parliamentary corpus ParlaMint-TR-en, Term 25, Year 2, Session 1	2015-10-01	Unicameralism	25	2	1	-	-	Reference	English	Regular	MP	notMinister	MHP	Nationalist Movement Party	Opposition	Right to far-right	Yavuz.Temizer	Temizer, Yavuz	M	1976	
ParlaMint-TR-en_2015-10-01-tbmm-T25	tbmm-2015-10-01sit01spe0005par0093	The Turkish parliamentary corpus ParlaMint-TR-en, Term 25, Year 2, Session 1	2015-10-01	Unicameralism	25	2	1	-	-	Reference	English	Regular	MP	notMinister	MHP	Nationalist Movement Party	Opposition	Right to far-right	Ruhi.Ersoy	Ersoy, Ruhi	M	1972	
ParlaMint-TR-en_2015-10-01-tbmm-T25	tbmm-2015-10-01sit01spe0002par0094	The Turkish parliamentary corpus ParlaMint-TR-en, Term 25, Year 2, Session 1	2015-10-01	Unicameralism	25	2	1	-	-	Reference	English	Regular	notMP	notMinister	AKP	Justice and Development Party	Coalition	Right	RecepTayyip.Erdoğan	Erdoğan, Recep Tayyip	M	1954	
ParlaMint-TR-en_2015-10-01-tbmm-T25	tbmm-2015-10-01sit01spe0005par0096	The Turkish parliamentary corpus ParlaMint-TR-en, Term 25, Year 2, Session 1	2015-10-01	Unicameralism	25	2	1	-	-	Reference	English	Regular	MP	notMinister	MHP	Nationalist Movement Party	Opposition	Right to far-right	Ruhi.Ersoy	Ersoy, Ruhi	M	1972	
ParlaMint-TR-en_2015-10-01-tbmm-T25	tbmm-2015-10-01sit01spe0002par0097	The Turkish parliamentary corpus ParlaMint-TR-en, Term 25, Year 2, Session 1	2015-10-01	Unicameralism	25	2	1	-	-	Reference	English	Regular	notMP	notMinister	AKP	Justice and Development Party	Coalition	Right	RecepTayyip.Erdoğan	Erdoğan, Recep Tayyip	M	1954	
ParlaMint-TR-en_2015-10-01-tbmm-T25	tbmm-2015-10-01sit01spe0005par0100	The Turkish parliamentary corpus ParlaMint-TR-en, Term 25, Year 2, Session 1	2015-10-01	Unicameralism	25	2	1	-	-	Reference	English	Regular	MP	notMinister	MHP	Nationalist Movement Party	Opposition	Right to far-right	Ruhi.Ersoy	Ersoy, Ruhi	M	1972	
ParlaMint-TR-en_2015-10-01-tbmm-T25	tbmm-2015-10-01sit01spe0002par0101	The Turkish parliamentary corpus ParlaMint-TR-en, Term 25, Year 2, Session 1	2015-10-01	Unicameralism	25	2	1	-	-	Reference	English	Regular	notMP	notMinister	AKP	Justice and Development Party	Coalition	Right	RecepTayyip.Erdoğan	Erdoğan, Recep Tayyip	M	1954	
ParlaMint-TR-en_2015-10-01-tbmm-T25	tbmm-2015-10-01sit01spe0006par0103	The Turkish parliamentary corpus ParlaMint-TR-en, Term 25, Year 2, Session 1	2015-10-01	Unicameralism	25	2	1	-	-	Reference	English	Regular	MP	notMinister	MHP	Nationalist Movement Party	Opposition	Right to far-right	Yavuz.Temizer	Temizer, Yavuz	M	1976	
ParlaMint-TR-en_2015-10-01-tbmm-T25	tbmm-2015-10-01sit01spe0002par0104	The Turkish parliamentary corpus ParlaMint-TR-en, Term 25, Year 2, Session 1	2015-10-01	Unicameralism	25	2	1	-	-	Reference	English	Regular	notMP	notMinister	AKP	Justice and Development Party	Coalition	Right	RecepTayyip.Erdoğan	Erdoğan, Recep Tayyip	M	1954	
ParlaMint-TR-en_2015-10-01-tbmm-T25	tbmm-2015-10-01sit01spe0007par0105	The Turkish parliamentary corpus ParlaMint-TR-en, Term 25, Year 2, Session 1	2015-10-01	Unicameralism	25	2	1	-	-	Reference	English	Regular	MP	notMinister	MHP	Nationalist Movement Party	Opposition	Right to far-right	Ruhi.Ersoy	Ersoy, Ruhi	M	1972	
ParlaMint-TR-en_2015-10-01-tbmm-T25	tbmm-2015-10-01sit01spe0002par0106	The Turkish parliamentary corpus ParlaMint-TR-en, Term 25, Year 2, Session 1	2015-10-01	Unicameralism	25	2	1	-	-	Reference	English	Regular	notMP	notMinister	AKP	Justice and Development Party	Coalition	Right	RecepTayyip.Erdoğan	Erdoğan, Recep Tayyip	M	1954	
ParlaMint-TR-en_2015-10-01-tbmm-T25	tbmm-2015-10-01sit01spe0007par0107	The Turkish parliamentary corpus ParlaMint-TR-en, Term 25, Year 2, Session 1	2015-10-01	Unicameralism	25	2	1	-	-	Reference	English	Regular	MP	notMinister	MHP	Nationalist Movement Party	Opposition	Right to far-right	Ruhi.Ersoy	Ersoy, Ruhi	M	1972	
ParlaMint-TR-en_2015-10-01-tbmm-T25	tbmm-2015-10-01sit01spe0002par0108	The Turkish parliamentary corpus ParlaMint-TR-en, Term 25, Year 2, Session 1	2015-10-01	Unicameralism	25	2	1	-	-	Reference	English	Regular	notMP	notMinister	AKP	Justice and Development Party	Coalition	Right	RecepTayyip.Erdoğan	Erdoğan, Recep Tayyip	M	1954	
ParlaMint-TR-en_2015-10-01-tbmm-T25	tbmm-2015-10-01sit01spe0008par0113	The Turkish parliamentary corpus ParlaMint-TR-en, Term 25, Year 2, Session 1	2015-10-01	Unicameralism	25	2	1	-	-	Reference	English	Regular	MP	notMinister	MHP	Nationalist Movement Party	Opposition	Right to far-right	Ruhi.Ersoy	Ersoy, Ruhi	M	1972	
ParlaMint-TR-en_2015-10-01-tbmm-T25	tbmm-2015-10-01sit01spe0009par0114	The Turkish parliamentary corpus ParlaMint-TR-en, Term 25, Year 2, Session 1	2015-10-01	Unicameralism	25	2	1	-	-	Reference	English	Regular	MP	notMinister	MHP	Nationalist Movement Party	Opposition	Right to far-right	Erkan.Akçay	Akçay, Erkan	M	1961	
ParlaMint-TR-en_2015-10-01-tbmm-T25	tbmm-2015-10-01sit01spe0002par0115	The Turkish parliamentary corpus ParlaMint-TR-en, Term 25, Year 2, Session 1	2015-10-01	Unicameralism	25	2	1	-	-	Reference	English	Regular	notMP	notMinister	AKP	Justice and Development Party	Coalition	Right	RecepTayyip.Erdoğan	Erdoğan, Recep Tayyip	M	1954	
ParlaMint-TR-en_2015-10-01-tbmm-T25	tbmm-2015-10-01sit01spe0008par0116	The Turkish parliamentary corpus ParlaMint-TR-en, Term 25, Year 2, Session 1	2015-10-01	Unicameralism	25	2	1	-	-	Reference	English	Regular	MP	notMinister	MHP	Nationalist Movement Party	Opposition	Right to far-right	Ruhi.Ersoy	Ersoy, Ruhi	M	1972	
ParlaMint-TR-en_2015-10-01-tbmm-T25	tbmm-2015-10-01sit01spe0002par0117	The Turkish parliamentary corpus ParlaMint-TR-en, Term 25, Year 2, Session 1	2015-10-01	Unicameralism	25	2	1	-	-	Reference	English	Regular	notMP	notMinister	AKP	Justice and Development Party	Coalition	Right	RecepTayyip.Erdoğan	Erdoğan, Recep Tayyip	M	1954	
ParlaMint-TR-en_2015-10-01-tbmm-T25	tbmm-2015-10-01sit01spe0010par0118	The Turkish parliamentary corpus ParlaMint-TR-en, Term 25, Year 2, Session 1	2015-10-01	Unicameralism	25	2	1	-	-	Reference	English	Regular	MP	notMinister	MHP	Nationalist Movement Party	Opposition	Right to far-right	Erkan.Akçay	Akçay, Erkan	M	1961	
ParlaMint-TR-en_2015-10-01-tbmm-T25	tbmm-2015-10-01sit01spe0002par0119	The Turkish parliamentary corpus ParlaMint-TR-en, Term 25, Year 2, Session 1	2015-10-01	Unicameralism	25	2	1	-	-	Reference	English	Regular	notMP	notMinister	AKP	Justice and Development Party	Coalition	Right	RecepTayyip.Erdoğan	Erdoğan, Recep Tayyip	M	1954	
ParlaMint-TR-en_2015-10-01-tbmm-T25	tbmm-2015-10-01sit01spe0011par0122	The Turkish parliamentary corpus ParlaMint-TR-en, Term 25, Year 2, Session 1	2015-10-01	Unicameralism	25	2	1	-	-	Reference	English	Regular	MP	notMinister	MHP	Nationalist Movement Party	Opposition	Right to far-right	Oktay.Vural	Vural, Oktay	M	1956	
ParlaMint-TR-en_2015-10-01-tbmm-T25	tbmm-2015-10-01sit01spe0002par0123	The Turkish parliamentary corpus ParlaMint-TR-en, Term 25, Year 2, Session 1	2015-10-01	Unicameralism	25	2	1	-	-	Reference	English	Regular	notMP	notMinister	AKP	Justice and Development Party	Coalition	Right	RecepTayyip.Erdoğan	Erdoğan, Recep Tayyip	M	1954	
ParlaMint-TR-en_2015-10-01-tbmm-T25	tbmm-2015-10-01sit01spe0012par0134	The Turkish parliamentary corpus ParlaMint-TR-en, Term 25, Year 2, Session 1	2015-10-01	Unicameralism	25	2	1	-	-	Reference	English	Regular	MP	notMinister	MHP	Nationalist Movement Party	Opposition	Right to far-right	Ruhi.Ersoy	Ersoy, Ruhi	M	1972	
ParlaMint-TR-en_2015-10-01-tbmm-T25	tbmm-2015-10-01sit01spe0013par0135	The Turkish parliamentary corpus ParlaMint-TR-en, Term 25, Year 2, Session 1	2015-10-01	Unicameralism	25	2	1	-	-	Reference	English	Regular	MP	notMinister	MHP	Nationalist Movement Party	Opposition	Right to far-right	Oktay.Vural	Vural, Oktay	M	1956	
ParlaMint-TR-en_2015-10-01-tbmm-T25	tbmm-2015-10-01sit01spe0014par0137	The Turkish parliamentary corpus ParlaMint-TR-en, Term 25, Year 2, Session 1	2015-10-01	Unicameralism	25	2	1	-	-	Reference	English	Regular	MP	notMinister	AKP	Justice and Development Party	Coalition	Right	Mahir.Ünal	Ünal, Mahir	M	1966	
ParlaMint-TR-en_2015-10-01-tbmm-T25	tbmm-2015-10-01sit01spe0015par0139	The Turkish parliamentary corpus ParlaMint-TR-en, Term 25, Year 2, Session 1	2015-10-01	Unicameralism	25	2	1	-	-	Reference	English	Regular	notMP	notMinister	AKP	Justice and Development Party	Coalition	Right	RecepTayyip.Erdoğan	Erdoğan, Recep Tayyip	M	1954	
ParlaMint-TR-en_2015-10-01-tbmm-T25	tbmm-2015-10-01sit01spe0016par0142	The Turkish parliamentary corpus ParlaMint-TR-en, Term 25, Year 2, Session 1	2015-10-01	Unicameralism	25	2	1	-	-	Reference	English	Regular	MP	notMinister	MHP	Nationalist Movement Party	Opposition	Right to far-right	Yavuz.Temizer	Temizer, Yavuz	M	1976	
ParlaMint-TR-en_2015-10-01-tbmm-T25	tbmm-2015-10-01sit01spe0015par0143	The Turkish parliamentary corpus ParlaMint-TR-en, Term 25, Year 2, Session 1	2015-10-01	Unicameralism	25	2	1	-	-	Reference	English	Regular	notMP	notMinister	AKP	Justice and Development Party	Coalition	Right	RecepTayyip.Erdoğan	Erdoğan, Recep Tayyip	M	1954	
ParlaMint-TR-en_2015-10-01-tbmm-T25	tbmm-2015-10-01sit01spe0017par0144	The Turkish parliamentary corpus ParlaMint-TR-en, Term 25, Year 2, Session 1	2015-10-01	Unicameralism	25	2	1	-	-	Reference	English	Regular	MP	notMinister	MHP	Nationalist Movement Party	Opposition	Right to far-right	Oktay.Vural	Vural, Oktay	M	1956	
ParlaMint-TR-en_2015-10-01-tbmm-T25	tbmm-2015-10-01sit01spe0018par0145	The Turkish parliamentary corpus ParlaMint-TR-en, Term 25, Year 2, Session 1	2015-10-01	Unicameralism	25	2	1	-	-	Reference	English	Regular	MP	notMinister	MHP	Nationalist Movement Party	Opposition	Right to far-right	Ruhi.Ersoy	Ersoy, Ruhi	M	1972	
ParlaMint-TR-en_2015-10-01-tbmm-T25	tbmm-2015-10-01sit01spe0015par0146	The Turkish parliamentary corpus ParlaMint-TR-en, Term 25, Year 2, Session 1	2015-10-01	Unicameralism	25	2	1	-	-	Reference	English	Regular	notMP	notMinister	AKP	Justice and Development Party	Coalition	Right	RecepTayyip.Erdoğan	Erdoğan, Recep Tayyip	M	1954	
ParlaMint-TR-en_2015-10-01-tbmm-T25	tbmm-2015-10-01sit01spe0019par0149	The Turkish parliamentary corpus ParlaMint-TR-en, Term 25, Year 2, Session 1	2015-10-01	Unicameralism	25	2	1	-	-	Reference	English	Regular	MP	notMinister	MHP	Nationalist Movement Party	Opposition	Right to far-right	İsmail.Ok	Ok, İsmail	M	1964	
ParlaMint-TR-en_2015-10-01-tbmm-T25	tbmm-2015-10-01sit01spe0015par0150	The Turkish parliamentary corpus ParlaMint-TR-en, Term 25, Year 2, Session 1	2015-10-01	Unicameralism	25	2	1	-	-	Reference	English	Regular	notMP	notMinister	AKP	Justice and Development Party	Coalition	Right	RecepTayyip.Erdoğan	Erdoğan, Recep Tayyip	M	1954	
ParlaMint-TR-en_2015-10-01-tbmm-T25	tbmm-2015-10-01sit01spe0020par0156	The Turkish parliamentary corpus ParlaMint-TR-en, Term 25, Year 2, Session 1	2015-10-01	Unicameralism	25	2	1	-	-	Reference	English	Regular	MP	notMinister	MHP	Nationalist Movement Party	Opposition	Right to far-right	Oktay.Vural	Vural, Oktay	M	1956	
ParlaMint-TR-en_2015-10-01-tbmm-T25	tbmm-2015-10-01sit01spe0015par0157	The Turkish parliamentary corpus ParlaMint-TR-en, Term 25, Year 2, Session 1	2015-10-01	Unicameralism	25	2	1	-	-	Reference	English	Regular	notMP	notMinister	AKP	Justice and Development Party	Coalition	Right	RecepTayyip.Erdoğan	Erdoğan, Recep Tayyip	M	1954	
ParlaMint-TR-en_2015-10-01-tbmm-T25	tbmm-2015-10-01sit01spe0021par0159	The Turkish parliamentary corpus ParlaMint-TR-en, Term 25, Year 2, Session 1	2015-10-01	Unicameralism	25	2	1	-	-	Reference	English	Regular	MP	notMinister	MHP	Nationalist Movement Party	Opposition	Right to far-right	İsmail.Ok	Ok, İsmail	M	1964	
ParlaMint-TR-en_2015-10-01-tbmm-T25	tbmm-2015-10-01sit01spe0015par0160	The Turkish parliamentary corpus ParlaMint-TR-en, Term 25, Year 2, Session 1	2015-10-01	Unicameralism	25	2	1	-	-	Reference	English	Regular	notMP	notMinister	AKP	Justice and Development Party	Coalition	Right	RecepTayyip.Erdoğan	Erdoğan, Recep Tayyip	M	1954	
ParlaMint-TR-en_2015-10-01-tbmm-T25	tbmm-2015-10-01sit01spe0022par0161	The Turkish parliamentary corpus ParlaMint-TR-en, Term 25, Year 2, Session 1	2015-10-01	Unicameralism	25	2	1	-	-	Reference	English	Regular	MP	notMinister	MHP	Nationalist Movement Party	Opposition	Right to far-right	Ruhi.Ersoy	Ersoy, Ruhi	M	1972	
ParlaMint-TR-en_2015-10-01-tbmm-T25	tbmm-2015-10-01sit01spe0015par0162	The Turkish parliamentary corpus ParlaMint-TR-en, Term 25, Year 2, Session 1	2015-10-01	Unicameralism	25	2	1	-	-	Reference	English	Regular	notMP	notMinister	AKP	Justice and Development Party	Coalition	Right	RecepTayyip.Erdoğan	Erdoğan, Recep Tayyip	M	1954	
ParlaMint-TR-en_2015-10-01-tbmm-T25	tbmm-2015-10-01sit01spe0022par0163	The Turkish parliamentary corpus ParlaMint-TR-en, Term 25, Year 2, Session 1	2015-10-01	Unicameralism	25	2	1	-	-	Reference	English	Regular	MP	notMinister	MHP	Nationalist Movement Party	Opposition	Right to far-right	Ruhi.Ersoy	Ersoy, Ruhi	M	1972	
ParlaMint-TR-en_2015-10-01-tbmm-T25	tbmm-2015-10-01sit01spe0015par0164	The Turkish parliamentary corpus ParlaMint-TR-en, Term 25, Year 2, Session 1	2015-10-01	Unicameralism	25	2	1	-	-	Reference	English	Regular	notMP	notMinister	AKP	Justice and Development Party	Coalition	Right	RecepTayyip.Erdoğan	Erdoğan, Recep Tayyip	M	1954	
ParlaMint-TR-en_2015-10-01-tbmm-T25	tbmm-2015-10-01sit01spe0023par0168	The Turkish parliamentary corpus ParlaMint-TR-en, Term 25, Year 2, Session 1	2015-10-01	Unicameralism	25	2	1	-	-	Reference	English	Regular	MP	notMinister	MHP	Nationalist Movement Party	Opposition	Right to far-right	Ruhi.Ersoy	Ersoy, Ruhi	M	1972	
ParlaMint-TR-en_2015-10-01-tbmm-T25	tbmm-2015-10-01sit01spe0015par0169	The Turkish parliamentary corpus ParlaMint-TR-en, Term 25, Year 2, Session 1	2015-10-01	Unicameralism	25	2	1	-	-	Reference	English	Regular	notMP	notMinister	AKP	Justice and Development Party	Coalition	Right	RecepTayyip.Erdoğan	Erdoğan, Recep Tayyip	M	1954	
ParlaMint-TR-en_2015-10-01-tbmm-T25	tbmm-2015-10-01sit01spe0023par0172	The Turkish parliamentary corpus ParlaMint-TR-en, Term 25, Year 2, Session 1	2015-10-01	Unicameralism	25	2	1	-	-	Reference	English	Regular	MP	notMinister	MHP	Nationalist Movement Party	Opposition	Right to far-right	Ruhi.Ersoy	Ersoy, Ruhi	M	1972	
ParlaMint-TR-en_2015-10-01-tbmm-T25	tbmm-2015-10-01sit01spe0015par0173	The Turkish parliamentary corpus ParlaMint-TR-en, Term 25, Year 2, Session 1	2015-10-01	Unicameralism	25	2	1	-	-	Reference	English	Regular	notMP	notMinister	AKP	Justice and Development Party	Coalition	Right	RecepTayyip.Erdoğan	Erdoğan, Recep Tayyip	M	1954	
ParlaMint-TR-en_2015-10-01-tbmm-T25	tbmm-2015-10-01sit01spe0024par0178	The Turkish parliamentary corpus ParlaMint-TR-en, Term 25, Year 2, Session 1	2015-10-01	Unicameralism	25	2	1	-	-	Reference	English	Regular	MP	notMinister	MHP	Nationalist Movement Party	Opposition	Right to far-right	Ruhi.Ersoy	Ersoy, Ruhi	M	1972	
ParlaMint-TR-en_2015-10-01-tbmm-T25	tbmm-2015-10-01sit01spe0015par0179	The Turkish parliamentary corpus ParlaMint-TR-en, Term 25, Year 2, Session 1	2015-10-01	Unicameralism	25	2	1	-	-	Reference	English	Regular	notMP	notMinister	AKP	Justice and Development Party	Coalition	Right	RecepTayyip.Erdoğan	Erdoğan, Recep Tayyip	M	1954	
ParlaMint-TR-en_2015-10-01-tbmm-T25	tbmm-2015-10-01sit01spe0025par0180	The Turkish parliamentary corpus ParlaMint-TR-en, Term 25, Year 2, Session 1	2015-10-01	Unicameralism	25	2	1	-	-	Reference	English	Regular	MP	notMinister	CHP	Republican People's Party	Opposition	Centre-left	Mustafa.Akaydın	Akaydın, Mustafa	M	1952	
ParlaMint-TR-en_2015-10-01-tbmm-T25	tbmm-2015-10-01sit01spe0015par0181	The Turkish parliamentary corpus ParlaMint-TR-en, Term 25, Year 2, Session 1	2015-10-01	Unicameralism	25	2	1	-	-	Reference	English	Regular	notMP	notMinister	AKP	Justice and Development Party	Coalition	Right	RecepTayyip.Erdoğan	Erdoğan, Recep Tayyip	M	1954	
ParlaMint-TR-en_2015-10-01-tbmm-T25	tbmm-2015-10-01sit01spe0026par0185	The Turkish parliamentary corpus ParlaMint-TR-en, Term 25, Year 2, Session 1	2015-10-01	Unicameralism	25	2	1	-	-	Reference	English	Chairperson	MP	notMinister	AKP	Justice and Development Party	Coalition	Right	İsmet.Yılmaz	Yılmaz, İsmet	M	1961	
ParlaMint-TR-en_2015-10-01-tbmm-T25	tbmm-2015-10-01sit02spe0026par0001	The Turkish parliamentary corpus ParlaMint-TR-en, Term 25, Year 2, Session 1	2015-10-01	Unicameralism	25	2	1	-	-	Reference	English	Chairperson	MP	notMinister	AKP	Justice and Development Party	Coalition	Right	İsmet.Yılmaz	Yılmaz, İsmet	M	1961	
ParlaMint-TR-en_2015-10-01-tbmm-T25	tbmm-2015-10-01sit02spe0027par0013	The Turkish parliamentary corpus ParlaMint-TR-en, Term 25, Year 2, Session 1	2015-10-01	Unicameralism	25	2	1	-	-	Reference	English	Regular	MP	notMinister	MHP	Nationalist Movement Party	Opposition	Right to far-right	Oktay.Vural	Vural, Oktay	M	1956	
ParlaMint-TR-en_2015-10-01-tbmm-T25	tbmm-2015-10-01sit02spe0026par0014	The Turkish parliamentary corpus ParlaMint-TR-en, Term 25, Year 2, Session 1	2015-10-01	Unicameralism	25	2	1	-	-	Reference	English	Chairperson	MP	notMinister	AKP	Justice and Development Party	Coalition	Right	İsmet.Yılmaz	Yılmaz, İsmet	M	1961	
ParlaMint-TR-en_2015-10-01-tbmm-T25	tbmm-2015-10-01sit02spe0027par0017	The Turkish parliamentary corpus ParlaMint-TR-en, Term 25, Year 2, Session 1	2015-10-01	Unicameralism	25	2	1	-	-	Reference	English	Regular	MP	notMinister	MHP	Nationalist Movement Party	Opposition	Right to far-right	Oktay.Vural	Vural, Oktay	M	1956	
ParlaMint-TR-en_2015-10-01-tbmm-T25	tbmm-2015-10-01sit02spe0026par0018	The Turkish parliamentary corpus ParlaMint-TR-en, Term 25, Year 2, Session 1	2015-10-01	Unicameralism	25	2	1	-	-	Reference	English	Chairperson	MP	notMinister	AKP	Justice and Development Party	Coalition	Right	İsmet.Yılmaz	Yılmaz, İsmet	M	1961	
ParlaMint-TR-en_2015-10-01-tbmm-T25	tbmm-2015-10-01sit02spe0027par0019	The Turkish parliamentary corpus ParlaMint-TR-en, Term 25, Year 2, Session 1	2015-10-01	Unicameralism	25	2	1	-	-	Reference	English	Regular	MP	notMinister	MHP	Nationalist Movement Party	Opposition	Right to far-right	Oktay.Vural	Vural, Oktay	M	1956	
ParlaMint-TR-en_2015-10-01-tbmm-T25	tbmm-2015-10-01sit02spe0026par0021	The Turkish parliamentary corpus ParlaMint-TR-en, Term 25, Year 2, Session 1	2015-10-01	Unicameralism	25	2	1	-	-	Reference	English	Chairperson	MP	notMinister	AKP	Justice and Development Party	Coalition	Right	İsmet.Yılmaz	Yılmaz, İsmet	M	1961	
ParlaMint-TR-en_2015-10-01-tbmm-T25	tbmm-2015-10-01sit02spe0027par0022	The Turkish parliamentary corpus ParlaMint-TR-en, Term 25, Year 2, Session 1	2015-10-01	Unicameralism	25	2	1	-	-	Reference	English	Regular	MP	notMinister	MHP	Nationalist Movement Party	Opposition	Right to far-right	Oktay.Vural	Vural, Oktay	M	1956	
ParlaMint-TR-en_2015-10-01-tbmm-T25	tbmm-2015-10-01sit02spe0028par0027	The Turkish parliamentary corpus ParlaMint-TR-en, Term 25, Year 2, Session 1	2015-10-01	Unicameralism	25	2	1	-	-	Reference	English	Chairperson	MP	notMinister	AKP	Justice and Development Party	Coalition	Right	İsmet.Yılmaz	Yılmaz, İsmet	M	1961	
ParlaMint-TR-en_2015-10-01-tbmm-T25	tbmm-2015-10-01sit02spe0029par0033	The Turkish parliamentary corpus ParlaMint-TR-en, Term 25, Year 2, Session 1	2015-10-01	Unicameralism	25	2	1	-	-	Reference	English	Regular	MP	notMinister	MHP	Nationalist Movement Party	Opposition	Right to far-right	Oktay.Vural	Vural, Oktay	M	1956	
ParlaMint-TR-en_2015-10-01-tbmm-T25	tbmm-2015-10-01sit02spe0028par0035	The Turkish parliamentary corpus ParlaMint-TR-en, Term 25, Year 2, Session 1	2015-10-01	Unicameralism	25	2	1	-	-	Reference	English	Chairperson	MP	notMinister	AKP	Justice and Development Party	Coalition	Right	İsmet.Yılmaz	Yılmaz, İsmet	M	1961	
ParlaMint-TR-en_2015-10-01-tbmm-T25	tbmm-2015-10-01sit02spe0029par0037	The Turkish parliamentary corpus ParlaMint-TR-en, Term 25, Year 2, Session 1	2015-10-01	Unicameralism	25	2	1	-	-	Reference	English	Regular	MP	notMinister	MHP	Nationalist Movement Party	Opposition	Right to far-right	Oktay.Vural	Vural, Oktay	M	1956	
ParlaMint-TR-en_2015-10-01-tbmm-T25	tbmm-2015-10-01sit02spe0028par0039	The Turkish parliamentary corpus ParlaMint-TR-en, Term 25, Year 2, Session 1	2015-10-01	Unicameralism	25	2	1	-	-	Reference	English	Chairperson	MP	notMinister	AKP	Justice and Development Party	Coalition	Right	İsmet.Yılmaz	Yılmaz, İsmet	M	1961	
ParlaMint-TR-en_2015-10-01-tbmm-T25	tbmm-2015-10-01sit02spe0029par0040	The Turkish parliamentary corpus ParlaMint-TR-en, Term 25, Year 2, Session 1	2015-10-01	Unicameralism	25	2	1	-	-	Reference	English	Regular	MP	notMinister	MHP	Nationalist Movement Party	Opposition	Right to far-right	Oktay.Vural	Vural, Oktay	M	1956	
ParlaMint-TR-en_2015-10-01-tbmm-T25	tbmm-2015-10-01sit02spe0030par0042	The Turkish parliamentary corpus ParlaMint-TR-en, Term 25, Year 2, Session 1	2015-10-01	Unicameralism	25	2	1	-	-	Reference	English	Regular	MP	notMinister	AKP	Justice and Development Party	Coalition	Right	Ahmet.Aydın1971	Aydın, Ahmet	M	1971	
ParlaMint-TR-en_2015-10-01-tbmm-T25	tbmm-2015-10-01sit02spe0029par0043	The Turkish parliamentary corpus ParlaMint-TR-en, Term 25, Year 2, Session 1	2015-10-01	Unicameralism	25	2	1	-	-	Reference	English	Regular	MP	notMinister	MHP	Nationalist Movement Party	Opposition	Right to far-right	Oktay.Vural	Vural, Oktay	M	1956	
ParlaMint-TR-en_2015-10-01-tbmm-T25	tbmm-2015-10-01sit02spe0031par0049	The Turkish parliamentary corpus ParlaMint-TR-en, Term 25, Year 2, Session 1	2015-10-01	Unicameralism	25	2	1	-	-	Reference	English	Regular	MP	notMinister	HDP	Peoples' Democratic Party	Opposition	Centre-left to left	İdris.Baluken	Baluken, İdris	M	1976	
ParlaMint-TR-en_2015-10-01-tbmm-T25	tbmm-2015-10-01sit02spe0032par0050	The Turkish parliamentary corpus ParlaMint-TR-en, Term 25, Year 2, Session 1	2015-10-01	Unicameralism	25	2	1	-	-	Reference	English	Regular	MP	notMinister	AKP	Justice and Development Party	Coalition	Right	Ahmet.Aydın1971	Aydın, Ahmet	M	1971	
ParlaMint-TR-en_2015-10-01-tbmm-T25	tbmm-2015-10-01sit02spe0033par0051	The Turkish parliamentary corpus ParlaMint-TR-en, Term 25, Year 2, Session 1	2015-10-01	Unicameralism	25	2	1	-	-	Reference	English	Chairperson	MP	notMinister	AKP	Justice and Development Party	Coalition	Right	İsmet.Yılmaz	Yılmaz, İsmet	M	1961	
ParlaMint-TR-en_2015-10-01-tbmm-T25	tbmm-2015-10-01sit02spe0032par0052	The Turkish parliamentary corpus ParlaMint-TR-en, Term 25, Year 2, Session 1	2015-10-01	Unicameralism	25	2	1	-	-	Reference	English	Regular	MP	notMinister	AKP	Justice and Development Party	Coalition	Right	Ahmet.Aydın1971	Aydın, Ahmet	M	1971	
ParlaMint-TR-en_2015-10-01-tbmm-T25	tbmm-2015-10-01sit02spe0034par0056	The Turkish parliamentary corpus ParlaMint-TR-en, Term 25, Year 2, Session 1	2015-10-01	Unicameralism	25	2	1	-	-	Reference	English	Regular	MP	notMinister	MHP	Nationalist Movement Party	Opposition	Right to far-right	İsmail.Ok	Ok, İsmail	M	1964	
ParlaMint-TR-en_2015-10-01-tbmm-T25	tbmm-2015-10-01sit02spe0035par0057	The Turkish parliamentary corpus ParlaMint-TR-en, Term 25, Year 2, Session 1	2015-10-01	Unicameralism	25	2	1	-	-	Reference	English	Regular	MP	notMinister	MHP	Nationalist Movement Party	Opposition	Right to far-right	Oktay.Vural	Vural, Oktay	M	1956	
ParlaMint-TR-en_2015-10-01-tbmm-T25	tbmm-2015-10-01sit02spe0036par0058	The Turkish parliamentary corpus ParlaMint-TR-en, Term 25, Year 2, Session 1	2015-10-01	Unicameralism	25	2	1	-	-	Reference	English	Chairperson	MP	notMinister	AKP	Justice and Development Party	Coalition	Right	İsmet.Yılmaz	Yılmaz, İsmet	M	1961	
ParlaMint-TR-en_2015-10-01-tbmm-T25	tbmm-2015-10-01sit02spe0037par0060	The Turkish parliamentary corpus ParlaMint-TR-en, Term 25, Year 2, Session 1	2015-10-01	Unicameralism	25	2	1	-	-	Reference	English	Regular	MP	notMinister	CHP	Republican People's Party	Opposition	Centre-left	Levent.Gök	Gök, Levent	M	1959	
ParlaMint-TR-en_2015-10-01-tbmm-T25	tbmm-2015-10-01sit02spe0038par0062	The Turkish parliamentary corpus ParlaMint-TR-en, Term 25, Year 2, Session 1	2015-10-01	Unicameralism	25	2	1	-	-	Reference	English	Regular	MP	notMinister	AKP	Justice and Development Party	Coalition	Right	Ahmet.Aydın1971	Aydın, Ahmet	M	1971	
ParlaMint-TR-en_2015-10-01-tbmm-T25	tbmm-2015-10-01sit02spe0039par0063	The Turkish parliamentary corpus ParlaMint-TR-en, Term 25, Year 2, Session 1	2015-10-01	Unicameralism	25	2	1	-	-	Reference	English	Chairperson	MP	notMinister	AKP	Justice and Development Party	Coalition	Right	İsmet.Yılmaz	Yılmaz, İsmet	M	1961	
ParlaMint-TR-en_2015-10-01-tbmm-T25	tbmm-2015-10-01sit02spe0038par0064	The Turkish parliamentary corpus ParlaMint-TR-en, Term 25, Year 2, Session 1	2015-10-01	Unicameralism	25	2	1	-	-	Reference	English	Regular	MP	notMinister	AKP	Justice and Development Party	Coalition	Right	Ahmet.Aydın1971	Aydın, Ahmet	M	1971	
ParlaMint-TR-en_2015-10-01-tbmm-T25	tbmm-2015-10-01sit02spe0039par0065	The Turkish parliamentary corpus ParlaMint-TR-en, Term 25, Year 2, Session 1	2015-10-01	Unicameralism	25	2	1	-	-	Reference	English	Chairperson	MP	notMinister	AKP	Justice and Development Party	Coalition	Right	İsmet.Yılmaz	Yılmaz, İsmet	M	1961	
ParlaMint-TR-en_2015-10-01-tbmm-T25	tbmm-2015-10-01sit02spe0040par0066	The Turkish parliamentary corpus ParlaMint-TR-en, Term 25, Year 2, Session 1	2015-10-01	Unicameralism	25	2	1	-	-	Reference	English	Regular	MP	notMinister	CHP	Republican People's Party	Opposition	Centre-left	Levent.Gök	Gök, Levent	M	1959	
ParlaMint-TR-en_2015-10-01-tbmm-T25	tbmm-2015-10-01sit02spe0041par0067	The Turkish parliamentary corpus ParlaMint-TR-en, Term 25, Year 2, Session 1	2015-10-01	Unicameralism	25	2	1	-	-	Reference	English	Regular	MP	notMinister	HDP	Peoples' Democratic Party	Opposition	Centre-left to left	İdris.Baluken	Baluken, İdris	M	1976	
ParlaMint-TR-en_2015-10-01-tbmm-T25	tbmm-2015-10-01sit02spe0039par0068	The Turkish parliamentary corpus ParlaMint-TR-en, Term 25, Year 2, Session 1	2015-10-01	Unicameralism	25	2	1	-	-	Reference	English	Chairperson	MP	notMinister	AKP	Justice and Development Party	Coalition	Right	İsmet.Yılmaz	Yılmaz, İsmet	M	1961	
ParlaMint-TR-en_2015-10-01-tbmm-T25	tbmm-2015-10-01sit02spe0042par0071	The Turkish parliamentary corpus ParlaMint-TR-en, Term 25, Year 2, Session 1	2015-10-01	Unicameralism	25	2	1	-	-	Reference	English	Regular	MP	notMinister	AKP	Justice and Development Party	Coalition	Right	Ahmet.Aydın1971	Aydın, Ahmet	M	1971	
ParlaMint-TR-en_2015-10-01-tbmm-T25	tbmm-2015-10-01sit02spe0039par0072	The Turkish parliamentary corpus ParlaMint-TR-en, Term 25, Year 2, Session 1	2015-10-01	Unicameralism	25	2	1	-	-	Reference	English	Chairperson	MP	notMinister	AKP	Justice and Development Party	Coalition	Right	İsmet.Yılmaz	Yılmaz, İsmet	M	1961	
ParlaMint-TR-en_2015-10-01-tbmm-T25	tbmm-2015-10-01sit02spe0043par0077	The Turkish parliamentary corpus ParlaMint-TR-en, Term 25, Year 2, Session 1	2015-10-01	Unicameralism	25	2	1	-	-	Reference	English	Regular	MP	notMinister	AKP	Justice and Development Party	Coalition	Right	MehmetDoğan.Kubat	Kubat, Mehmet Doğan	M	1969	
ParlaMint-TR-en_2015-10-01-tbmm-T25	tbmm-2015-10-01sit02spe0044par0082	The Turkish parliamentary corpus ParlaMint-TR-en, Term 25, Year 2, Session 1	2015-10-01	Unicameralism	25	2	1	-	-	Reference	English	Chairperson	MP	notMinister	AKP	Justice and Development Party	Coalition	Right	İsmet.Yılmaz	Yılmaz, İsmet	M	1961	
ParlaMint-TR-en_2015-10-01-tbmm-T25	tbmm-2015-10-01sit02spe0045par0085	The Turkish parliamentary corpus ParlaMint-TR-en, Term 25, Year 2, Session 1	2015-10-01	Unicameralism	25	2	1	-	-	Reference	English	Regular	MP	notMinister	HDP	Peoples' Democratic Party	Opposition	Centre-left to left	İdris.Baluken	Baluken, İdris	M	1976	
ParlaMint-TR-en_2015-10-01-tbmm-T25	tbmm-2015-10-01sit02spe0046par0089	The Turkish parliamentary corpus ParlaMint-TR-en, Term 25, Year 2, Session 1	2015-10-01	Unicameralism	25	2	1	-	-	Reference	English	Regular	MP	notMinister	AKP	Justice and Development Party	Coalition	Right	Bülent.Turan	Turan, Bülent	M	1975	
ParlaMint-TR-en_2015-10-01-tbmm-T25	tbmm-2015-10-01sit02spe0045par0090	The Turkish parliamentary corpus ParlaMint-TR-en, Term 25, Year 2, Session 1	2015-10-01	Unicameralism	25	2	1	-	-	Reference	English	Regular	MP	notMinister	HDP	Peoples' Democratic Party	Opposition	Centre-left to left	İdris.Baluken	Baluken, İdris	M	1976	
ParlaMint-TR-en_2015-10-01-tbmm-T25	tbmm-2015-10-01sit02spe0047par0096	The Turkish parliamentary corpus ParlaMint-TR-en, Term 25, Year 2, Session 1	2015-10-01	Unicameralism	25	2	1	-	-	Reference	English	Regular	MP	notMinister	AKP	Justice and Development Party	Coalition	Right	Zehra.Taşkesenlioğlu	Taşkesenlioğlu, Zehra	F	1972	
ParlaMint-TR-en_2015-10-01-tbmm-T25	tbmm-2015-10-01sit02spe0048par0098	The Turkish parliamentary corpus ParlaMint-TR-en, Term 25, Year 2, Session 1	2015-10-01	Unicameralism	25	2	1	-	-	Reference	English	Regular	MP	notMinister	HDP	Peoples' Democratic Party	Opposition	Centre-left to left	Kadri.Yıldırım	Yıldırım, Kadri	M	1959	
ParlaMint-TR-en_2015-10-01-tbmm-T25	tbmm-2015-10-01sit02spe0045par0099	The Turkish parliamentary corpus ParlaMint-TR-en, Term 25, Year 2, Session 1	2015-10-01	Unicameralism	25	2	1	-	-	Reference	English	Regular	MP	notMinister	HDP	Peoples' Democratic Party	Opposition	Centre-left to left	İdris.Baluken	Baluken, İdris	M	1976	
ParlaMint-TR-en_2015-10-01-tbmm-T25	tbmm-2015-10-01sit02spe0047par0101	The Turkish parliamentary corpus ParlaMint-TR-en, Term 25, Year 2, Session 1	2015-10-01	Unicameralism	25	2	1	-	-	Reference	English	Regular	MP	notMinister	AKP	Justice and Development Party	Coalition	Right	Zehra.Taşkesenlioğlu	Taşkesenlioğlu, Zehra	F	1972	
ParlaMint-TR-en_2015-10-01-tbmm-T25	tbmm-2015-10-01sit02spe0049par0102	The Turkish parliamentary corpus ParlaMint-TR-en, Term 25, Year 2, Session 1	2015-10-01	Unicameralism	25	2	1	-	-	Reference	English	Regular	MP	notMinister	HDP	Peoples' Democratic Party	Opposition	Centre-left to left	Ali.Kenanoğlu	Kenanoğlu, Ali	M	1971	
ParlaMint-TR-en_2015-10-01-tbmm-T25	tbmm-2015-10-01sit02spe0045par0103	The Turkish parliamentary corpus ParlaMint-TR-en, Term 25, Year 2, Session 1	2015-10-01	Unicameralism	25	2	1	-	-	Reference	English	Regular	MP	notMinister	HDP	Peoples' Democratic Party	Opposition	Centre-left to left	İdris.Baluken	Baluken, İdris	M	1976	
ParlaMint-TR-en_2015-10-01-tbmm-T25	tbmm-2015-10-01sit02spe0050par0107	The Turkish parliamentary corpus ParlaMint-TR-en, Term 25, Year 2, Session 1	2015-10-01	Unicameralism	25	2	1	-	-	Reference	English	Chairperson	MP	notMinister	AKP	Justice and Development Party	Coalition	Right	İsmet.Yılmaz	Yılmaz, İsmet	M	1961	
ParlaMint-TR-en_2015-10-01-tbmm-T25	tbmm-2015-10-01sit02spe0051par0110	The Turkish parliamentary corpus ParlaMint-TR-en, Term 25, Year 2, Session 1	2015-10-01	Unicameralism	25	2	1	-	-	Reference	English	Regular	MP	notMinister	CHP	Republican People's Party	Opposition	Centre-left	Levent.Gök	Gök, Levent	M	1959	
ParlaMint-TR-en_2015-10-01-tbmm-T25	tbmm-2015-10-01sit02spe0052par0116	The Turkish parliamentary corpus ParlaMint-TR-en, Term 25, Year 2, Session 1	2015-10-01	Unicameralism	25	2	1	-	-	Reference	English	Regular	MP	notMinister	AKP	Justice and Development Party	Coalition	Right	Bülent.Turan	Turan, Bülent	M	1975	
ParlaMint-TR-en_2015-10-01-tbmm-T25	tbmm-2015-10-01sit02spe0051par0117	The Turkish parliamentary corpus ParlaMint-TR-en, Term 25, Year 2, Session 1	2015-10-01	Unicameralism	25	2	1	-	-	Reference	English	Regular	MP	notMinister	CHP	Republican People's Party	Opposition	Centre-left	Levent.Gök	Gök, Levent	M	1959	
ParlaMint-TR-en_2015-10-01-tbmm-T25	tbmm-2015-10-01sit02spe0052par0118	The Turkish parliamentary corpus ParlaMint-TR-en, Term 25, Year 2, Session 1	2015-10-01	Unicameralism	25	2	1	-	-	Reference	English	Regular	MP	notMinister	AKP	Justice and Development Party	Coalition	Right	Bülent.Turan	Turan, Bülent	M	1975	
ParlaMint-TR-en_2015-10-01-tbmm-T25	tbmm-2015-10-01sit02spe0051par0119	The Turkish parliamentary corpus ParlaMint-TR-en, Term 25, Year 2, Session 1	2015-10-01	Unicameralism	25	2	1	-	-	Reference	English	Regular	MP	notMinister	CHP	Republican People's Party	Opposition	Centre-left	Levent.Gök	Gök, Levent	M	1959	
ParlaMint-TR-en_2015-10-01-tbmm-T25	tbmm-2015-10-01sit02spe0052par0121	The Turkish parliamentary corpus ParlaMint-TR-en, Term 25, Year 2, Session 1	2015-10-01	Unicameralism	25	2	1	-	-	Reference	English	Regular	MP	notMinister	AKP	Justice and Development Party	Coalition	Right	Bülent.Turan	Turan, Bülent	M	1975	
ParlaMint-TR-en_2015-10-01-tbmm-T25	tbmm-2015-10-01sit02spe0051par0122	The Turkish parliamentary corpus ParlaMint-TR-en, Term 25, Year 2, Session 1	2015-10-01	Unicameralism	25	2	1	-	-	Reference	English	Regular	MP	notMinister	CHP	Republican People's Party	Opposition	Centre-left	Levent.Gök	Gök, Levent	M	1959	
ParlaMint-TR-en_2015-10-01-tbmm-T25	tbmm-2015-10-01sit02spe0052par0124	The Turkish parliamentary corpus ParlaMint-TR-en, Term 25, Year 2, Session 1	2015-10-01	Unicameralism	25	2	1	-	-	Reference	English	Regular	MP	notMinister	AKP	Justice and Development Party	Coalition	Right	Bülent.Turan	Turan, Bülent	M	1975	
ParlaMint-TR-en_2015-10-01-tbmm-T25	tbmm-2015-10-01sit02spe0051par0125	The Turkish parliamentary corpus ParlaMint-TR-en, Term 25, Year 2, Session 1	2015-10-01	Unicameralism	25	2	1	-	-	Reference	English	Regular	MP	notMinister	CHP	Republican People's Party	Opposition	Centre-left	Levent.Gök	Gök, Levent	M	1959	
ParlaMint-TR-en_2015-10-01-tbmm-T25	tbmm-2015-10-01sit02spe0052par0126	The Turkish parliamentary corpus ParlaMint-TR-en, Term 25, Year 2, Session 1	2015-10-01	Unicameralism	25	2	1	-	-	Reference	English	Regular	MP	notMinister	AKP	Justice and Development Party	Coalition	Right	Bülent.Turan	Turan, Bülent	M	1975	
ParlaMint-TR-en_2015-10-01-tbmm-T25	tbmm-2015-10-01sit02spe0051par0127	The Turkish parliamentary corpus ParlaMint-TR-en, Term 25, Year 2, Session 1	2015-10-01	Unicameralism	25	2	1	-	-	Reference	English	Regular	MP	notMinister	CHP	Republican People's Party	Opposition	Centre-left	Levent.Gök	Gök, Levent	M	1959	
ParlaMint-TR-en_2015-10-01-tbmm-T25	tbmm-2015-10-01sit02spe0053par0132	The Turkish parliamentary corpus ParlaMint-TR-en, Term 25, Year 2, Session 1	2015-10-01	Unicameralism	25	2	1	-	-	Reference	English	Chairperson	MP	notMinister	AKP	Justice and Development Party	Coalition	Right	İsmet.Yılmaz	Yılmaz, İsmet	M	1961	
ParlaMint-TR-en_2015-10-01-tbmm-T25	tbmm-2015-10-01sit02spe0054par0153	The Turkish parliamentary corpus ParlaMint-TR-en, Term 25, Year 2, Session 1	2015-10-01	Unicameralism	25	2	1	-	-	Reference	English	Regular	MP	notMinister	HDP	Peoples' Democratic Party	Opposition	Centre-left to left	Ahmet.Yıldırım	Yıldırım, Ahmet	M	1972	
ParlaMint-TR-en_2015-10-01-tbmm-T25	tbmm-2015-10-01sit02spe0053par0154	The Turkish parliamentary corpus ParlaMint-TR-en, Term 25, Year 2, Session 1	2015-10-01	Unicameralism	25	2	1	-	-	Reference	English	Chairperson	MP	notMinister	AKP	Justice and Development Party	Coalition	Right	İsmet.Yılmaz	Yılmaz, İsmet	M	1961	
ParlaMint-TR-en_2015-10-01-tbmm-T25	tbmm-2015-10-01sit02spe0055par0157	The Turkish parliamentary corpus ParlaMint-TR-en, Term 25, Year 2, Session 1	2015-10-01	Unicameralism	25	2	1	-	-	Reference	English	Regular	MP	notMinister	HDP	Peoples' Democratic Party	Opposition	Centre-left to left	Ali.Kenanoğlu	Kenanoğlu, Ali	M	1971	
ParlaMint-TR-en_2015-10-01-tbmm-T25	tbmm-2015-10-01sit02spe0053par0158	The Turkish parliamentary corpus ParlaMint-TR-en, Term 25, Year 2, Session 1	2015-10-01	Unicameralism	25	2	1	-	-	Reference	English	Chairperson	MP	notMinister	AKP	Justice and Development Party	Coalition	Right	İsmet.Yılmaz	Yılmaz, İsmet	M	1961	
ParlaMint-TR-en_2015-10-01-tbmm-T25	tbmm-2015-10-01sit02spe0055par0159	The Turkish parliamentary corpus ParlaMint-TR-en, Term 25, Year 2, Session 1	2015-10-01	Unicameralism	25	2	1	-	-	Reference	English	Regular	MP	notMinister	HDP	Peoples' Democratic Party	Opposition	Centre-left to left	Ali.Kenanoğlu	Kenanoğlu, Ali	M	1971	
ParlaMint-TR-en_2015-10-01-tbmm-T25	tbmm-2015-10-01sit02spe0053par0160	The Turkish parliamentary corpus ParlaMint-TR-en, Term 25, Year 2, Session 1	2015-10-01	Unicameralism	25	2	1	-	-	Reference	English	Chairperson	MP	notMinister	AKP	Justice and Development Party	Coalition	Right	İsmet.Yılmaz	Yılmaz, İsmet	M	1961	
ParlaMint-TR-en_2015-10-01-tbmm-T25	tbmm-2015-10-01sit02spe0056par0161	The Turkish parliamentary corpus ParlaMint-TR-en, Term 25, Year 2, Session 1	2015-10-01	Unicameralism	25	2	1	-	-	Reference	English	Regular	MP	notMinister	HDP	Peoples' Democratic Party	Opposition	Centre-left to left	Selma.Irmak	Irmak, Selma	F	1971	
ParlaMint-TR-en_2015-10-01-tbmm-T25	tbmm-2015-10-01sit02spe0057par0162	The Turkish parliamentary corpus ParlaMint-TR-en, Term 25, Year 2, Session 1	2015-10-01	Unicameralism	25	2	1	-	-	Reference	English	Regular	MP	notMinister	HDP	Peoples' Democratic Party	Opposition	Centre-left to left	Meral.DanışBeştaş	Danış Beştaş, Meral	F	1967	
ParlaMint-TR-en_2015-10-01-tbmm-T25	tbmm-2015-10-01sit02spe0053par0163	The Turkish parliamentary corpus ParlaMint-TR-en, Term 25, Year 2, Session 1	2015-10-01	Unicameralism	25	2	1	-	-	Reference	English	Chairperson	MP	notMinister	AKP	Justice and Development Party	Coalition	Right	İsmet.Yılmaz	Yılmaz, İsmet	M	1961	
ParlaMint-TR-en_2015-10-01-tbmm-T25	tbmm-2015-10-01sit02spe0057par0164	The Turkish parliamentary corpus ParlaMint-TR-en, Term 25, Year 2, Session 1	2015-10-01	Unicameralism	25	2	1	-	-	Reference	English	Regular	MP	notMinister	HDP	Peoples' Democratic Party	Opposition	Centre-left to left	Meral.DanışBeştaş	Danış Beştaş, Meral	F	1967	
ParlaMint-TR-en_2015-10-01-tbmm-T25	tbmm-2015-10-01sit02spe0053par0165	The Turkish parliamentary corpus ParlaMint-TR-en, Term 25, Year 2, Session 1	2015-10-01	Unicameralism	25	2	1	-	-	Reference	English	Chairperson	MP	notMinister	AKP	Justice and Development Party	Coalition	Right	İsmet.Yılmaz	Yılmaz, İsmet	M	1961	
ParlaMint-TR-en_2015-10-01-tbmm-T25	tbmm-2015-10-01sit02spe0058par0179	The Turkish parliamentary corpus ParlaMint-TR-en, Term 25, Year 2, Session 1	2015-10-01	Unicameralism	25	2	1	-	-	Reference	English	Regular	MP	notMinister	HDP	Peoples' Democratic Party	Opposition	Centre-left to left	Meral.DanışBeştaş	Danış Beştaş, Meral	F	1967	
ParlaMint-TR-en_2015-10-01-tbmm-T25	tbmm-2015-10-01sit02spe0053par0180	The Turkish parliamentary corpus ParlaMint-TR-en, Term 25, Year 2, Session 1	2015-10-01	Unicameralism	25	2	1	-	-	Reference	English	Chairperson	MP	notMinister	AKP	Justice and Development Party	Coalition	Right	İsmet.Yılmaz	Yılmaz, İsmet	M	1961	
ParlaMint-TR-en_2015-10-01-tbmm-T25	tbmm-2015-10-01sit02spe0059par0183	The Turkish parliamentary corpus ParlaMint-TR-en, Term 25, Year 2, Session 1	2015-10-01	Unicameralism	25	2	1	-	-	Reference	English	Regular	MP	notMinister	AKP	Justice and Development Party	Coalition	Right	MehmetDoğan.Kubat	Kubat, Mehmet Doğan	M	1969	
ParlaMint-TR-en_2015-10-01-tbmm-T25	tbmm-2015-10-01sit02spe0060par0189	The Turkish parliamentary corpus ParlaMint-TR-en, Term 25, Year 2, Session 1	2015-10-01	Unicameralism	25	2	1	-	-	Reference	English	Chairperson	MP	notMinister	AKP	Justice and Development Party	Coalition	Right	İsmet.Yılmaz	Yılmaz, İsmet	M	1961	
ParlaMint-TR-en_2015-10-01-tbmm-T25	tbmm-2015-10-01sit02spe0061par0191	The Turkish parliamentary corpus ParlaMint-TR-en, Term 25, Year 2, Session 1	2015-10-01	Unicameralism	25	2	1	-	-	Reference	English	Regular	MP	notMinister	HDP	Peoples' Democratic Party	Opposition	Centre-left to left	Meral.DanışBeştaş	Danış Beştaş, Meral	F	1967	
ParlaMint-TR-en_2015-10-01-tbmm-T25	tbmm-2015-10-01sit02spe0060par0192	The Turkish parliamentary corpus ParlaMint-TR-en, Term 25, Year 2, Session 1	2015-10-01	Unicameralism	25	2	1	-	-	Reference	English	Chairperson	MP	notMinister	AKP	Justice and Development Party	Coalition	Right	İsmet.Yılmaz	Yılmaz, İsmet	M	1961	
ParlaMint-TR-en_2015-10-01-tbmm-T25	tbmm-2015-10-01sit02spe0062par0194	The Turkish parliamentary corpus ParlaMint-TR-en, Term 25, Year 2, Session 1	2015-10-01	Unicameralism	25	2	1	-	-	Reference	English	Regular	MP	notMinister	CHP	Republican People's Party	Opposition	Centre-left	Özgür.Özel	Özel, Özgür	M	1974	
ParlaMint-TR-en_2015-10-01-tbmm-T25	tbmm-2015-10-01sit02spe0063par0195	The Turkish parliamentary corpus ParlaMint-TR-en, Term 25, Year 2, Session 1	2015-10-01	Unicameralism	25	2	1	-	-	Reference	English	Regular	MP	notMinister	AKP	Justice and Development Party	Coalition	Right	Ahmet.Aydın1971	Aydın, Ahmet	M	1971	
ParlaMint-TR-en_2015-10-01-tbmm-T25	tbmm-2015-10-01sit02spe0064par0196	The Turkish parliamentary corpus ParlaMint-TR-en, Term 25, Year 2, Session 1	2015-10-01	Unicameralism	25	2	1	-	-	Reference	English	Regular	MP	notMinister	CHP	Republican People's Party	Opposition	Centre-left	Levent.Gök	Gök, Levent	M	1959	
ParlaMint-TR-en_2015-10-01-tbmm-T25	tbmm-2015-10-01sit02spe0065par0197	The Turkish parliamentary corpus ParlaMint-TR-en, Term 25, Year 2, Session 1	2015-10-01	Unicameralism	25	2	1	-	-	Reference	English	Chairperson	MP	notMinister	AKP	Justice and Development Party	Coalition	Right	İsmet.Yılmaz	Yılmaz, İsmet	M	1961	
ParlaMint-TR-en_2015-10-01-tbmm-T25	tbmm-2015-10-01sit02spe0064par0198	The Turkish parliamentary corpus ParlaMint-TR-en, Term 25, Year 2, Session 1	2015-10-01	Unicameralism	25	2	1	-	-	Reference	English	Regular	MP	notMinister	CHP	Republican People's Party	Opposition	Centre-left	Levent.Gök	Gök, Levent	M	1959	
ParlaMint-TR-en_2015-10-01-tbmm-T25	tbmm-2015-10-01sit02spe0065par0199	The Turkish parliamentary corpus ParlaMint-TR-en, Term 25, Year 2, Session 1	2015-10-01	Unicameralism	25	2	1	-	-	Reference	English	Chairperson	MP	notMinister	AKP	Justice and Development Party	Coalition	Right	İsmet.Yılmaz	Yılmaz, İsmet	M	1961	
ParlaMint-TR-en_2015-10-01-tbmm-T25	tbmm-2015-10-01sit02spe0064par0201	The Turkish parliamentary corpus ParlaMint-TR-en, Term 25, Year 2, Session 1	2015-10-01	Unicameralism	25	2	1	-	-	Reference	English	Regular	MP	notMinister	CHP	Republican People's Party	Opposition	Centre-left	Levent.Gök	Gök, Levent	M	1959	
ParlaMint-TR-en_2015-10-01-tbmm-T25	tbmm-2015-10-01sit02spe0066par0207	The Turkish parliamentary corpus ParlaMint-TR-en, Term 25, Year 2, Session 1	2015-10-01	Unicameralism	25	2	1	-	-	Reference	English	Regular	MP	notMinister	AKP	Justice and Development Party	Coalition	Right	İlyas.Şeker	Şeker, İlyas	M	1960	
ParlaMint-TR-en_2015-10-01-tbmm-T25	tbmm-2015-10-01sit02spe0064par0208	The Turkish parliamentary corpus ParlaMint-TR-en, Term 25, Year 2, Session 1	2015-10-01	Unicameralism	25	2	1	-	-	Reference	English	Regular	MP	notMinister	CHP	Republican People's Party	Opposition	Centre-left	Levent.Gök	Gök, Levent	M	1959	
ParlaMint-TR-en_2015-10-01-tbmm-T25	tbmm-2015-10-01sit02spe0067par0210	The Turkish parliamentary corpus ParlaMint-TR-en, Term 25, Year 2, Session 1	2015-10-01	Unicameralism	25	2	1	-	-	Reference	English	Regular	MP	notMinister	AKP	Justice and Development Party	Coalition	Right	Fuat.Köktaş	Köktaş, Fuat	M	1964	
ParlaMint-TR-en_2015-10-01-tbmm-T25	tbmm-2015-10-01sit02spe0064par0211	The Turkish parliamentary corpus ParlaMint-TR-en, Term 25, Year 2, Session 1	2015-10-01	Unicameralism	25	2	1	-	-	Reference	English	Regular	MP	notMinister	CHP	Republican People's Party	Opposition	Centre-left	Levent.Gök	Gök, Levent	M	1959	
ParlaMint-TR-en_2015-10-01-tbmm-T25	tbmm-2015-10-01sit02spe0068par0216	The Turkish parliamentary corpus ParlaMint-TR-en, Term 25, Year 2, Session 1	2015-10-01	Unicameralism	25	2	1	-	-	Reference	English	Regular	MP	notMinister	AKP	Justice and Development Party	Coalition	Right	Leyla.ŞahinUsta	Şahin Usta, Leyla	F	1973	
ParlaMint-TR-en_2015-10-01-tbmm-T25	tbmm-2015-10-01sit02spe0064par0217	The Turkish parliamentary corpus ParlaMint-TR-en, Term 25, Year 2, Session 1	2015-10-01	Unicameralism	25	2	1	-	-	Reference	English	Regular	MP	notMinister	CHP	Republican People's Party	Opposition	Centre-left	Levent.Gök	Gök, Levent	M	1959	
ParlaMint-TR-en_2015-10-01-tbmm-T25	tbmm-2015-10-01sit02spe0068par0218	The Turkish parliamentary corpus ParlaMint-TR-en, Term 25, Year 2, Session 1	2015-10-01	Unicameralism	25	2	1	-	-	Reference	English	Regular	MP	notMinister	AKP	Justice and Development Party	Coalition	Right	Leyla.ŞahinUsta	Şahin Usta, Leyla	F	1973	
ParlaMint-TR-en_2015-10-01-tbmm-T25	tbmm-2015-10-01sit02spe0064par0219	The Turkish parliamentary corpus ParlaMint-TR-en, Term 25, Year 2, Session 1	2015-10-01	Unicameralism	25	2	1	-	-	Reference	English	Regular	MP	notMinister	CHP	Republican People's Party	Opposition	Centre-left	Levent.Gök	Gök, Levent	M	1959	
ParlaMint-TR-en_2015-10-01-tbmm-T25	tbmm-2015-10-01sit02spe0068par0220	The Turkish parliamentary corpus ParlaMint-TR-en, Term 25, Year 2, Session 1	2015-10-01	Unicameralism	25	2	1	-	-	Reference	English	Regular	MP	notMinister	AKP	Justice and Development Party	Coalition	Right	Leyla.ŞahinUsta	Şahin Usta, Leyla	F	1973	
ParlaMint-TR-en_2015-10-01-tbmm-T25	tbmm-2015-10-01sit02spe0064par0221	The Turkish parliamentary corpus ParlaMint-TR-en, Term 25, Year 2, Session 1	2015-10-01	Unicameralism	25	2	1	-	-	Reference	English	Regular	MP	notMinister	CHP	Republican People's Party	Opposition	Centre-left	Levent.Gök	Gök, Levent	M	1959	
ParlaMint-TR-en_2015-10-01-tbmm-T25	tbmm-2015-10-01sit02spe0069par0225	The Turkish parliamentary corpus ParlaMint-TR-en, Term 25, Year 2, Session 1	2015-10-01	Unicameralism	25	2	1	-	-	Reference	English	Regular	MP	notMinister	AKP	Justice and Development Party	Coalition	Right	Orhan.Karasayar	Karasayar, Orhan	M	1965	
ParlaMint-TR-en_2015-10-01-tbmm-T25	tbmm-2015-10-01sit02spe0064par0226	The Turkish parliamentary corpus ParlaMint-TR-en, Term 25, Year 2, Session 1	2015-10-01	Unicameralism	25	2	1	-	-	Reference	English	Regular	MP	notMinister	CHP	Republican People's Party	Opposition	Centre-left	Levent.Gök	Gök, Levent	M	1959	
ParlaMint-TR-en_2015-10-01-tbmm-T25	tbmm-2015-10-01sit02spe0070par0232	The Turkish parliamentary corpus ParlaMint-TR-en, Term 25, Year 2, Session 1	2015-10-01	Unicameralism	25	2	1	-	-	Reference	English	Chairperson	MP	notMinister	AKP	Justice and Development Party	Coalition	Right	İsmet.Yılmaz	Yılmaz, İsmet	M	1961	
ParlaMint-TR-en_2015-10-01-tbmm-T25	tbmm-2015-10-01sit02spe0071par0233	The Turkish parliamentary corpus ParlaMint-TR-en, Term 25, Year 2, Session 1	2015-10-01	Unicameralism	25	2	1	-	-	Reference	English	Regular	MP	notMinister	AKP	Justice and Development Party	Coalition	Right	Ahmet.Aydın1971	Aydın, Ahmet	M	1971	
ParlaMint-TR-en_2015-10-01-tbmm-T25	tbmm-2015-10-01sit02spe0070par0234	The Turkish parliamentary corpus ParlaMint-TR-en, Term 25, Year 2, Session 1	2015-10-01	Unicameralism	25	2	1	-	-	Reference	English	Chairperson	MP	notMinister	AKP	Justice and Development Party	Coalition	Right	İsmet.Yılmaz	Yılmaz, İsmet	M	1961	
ParlaMint-TR-en_2015-10-01-tbmm-T25	tbmm-2015-10-01sit02spe0072par0236	The Turkish parliamentary corpus ParlaMint-TR-en, Term 25, Year 2, Session 1	2015-10-01	Unicameralism	25	2	1	-	-	Reference	English	Regular	MP	notMinister	AKP	Justice and Development Party	Coalition	Right	Mehmet.Metiner	Metiner, Mehmet	M	1960	
ParlaMint-TR-en_2015-10-01-tbmm-T25	tbmm-2015-10-01sit02spe0073par0237	The Turkish parliamentary corpus ParlaMint-TR-en, Term 25, Year 2, Session 1	2015-10-01	Unicameralism	25	2	1	-	-	Reference	English	Regular	MP	notMinister	CHP	Republican People's Party	Opposition	Centre-left	Barış.Yarkadaş	Yarkadaş, Barış	M	1974	
ParlaMint-TR-en_2015-10-01-tbmm-T25	tbmm-2015-10-01sit02spe0070par0238	The Turkish parliamentary corpus ParlaMint-TR-en, Term 25, Year 2, Session 1	2015-10-01	Unicameralism	25	2	1	-	-	Reference	English	Chairperson	MP	notMinister	AKP	Justice and Development Party	Coalition	Right	İsmet.Yılmaz	Yılmaz, İsmet	M	1961	
ParlaMint-TR-en_2015-10-01-tbmm-T25	tbmm-2015-10-01sit02spe0074par0239	The Turkish parliamentary corpus ParlaMint-TR-en, Term 25, Year 2, Session 1	2015-10-01	Unicameralism	25	2	1	-	-	Reference	English	Regular	MP	notMinister	HDP	Peoples' Democratic Party	Opposition	Centre-left to left	Pervin.Buldan	Buldan, Pervin	F	1967	
ParlaMint-TR-en_2015-10-01-tbmm-T25	tbmm-2015-10-01sit02spe0075par0242	The Turkish parliamentary corpus ParlaMint-TR-en, Term 25, Year 2, Session 1	2015-10-01	Unicameralism	25	2	1	-	-	Reference	English	Regular	MP	notMinister	AKP	Justice and Development Party	Coalition	Right	MehmetUğur.Dilipak	Dilipak, Mehmet Uğur	M	1972	
ParlaMint-TR-en_2015-10-01-tbmm-T25	tbmm-2015-10-01sit02spe0074par0243	The Turkish parliamentary corpus ParlaMint-TR-en, Term 25, Year 2, Session 1	2015-10-01	Unicameralism	25	2	1	-	-	Reference	English	Regular	MP	notMinister	HDP	Peoples' Democratic Party	Opposition	Centre-left to left	Pervin.Buldan	Buldan, Pervin	F	1967	
ParlaMint-TR-en_2015-10-01-tbmm-T25	tbmm-2015-10-01sit02spe0076par0245	The Turkish parliamentary corpus ParlaMint-TR-en, Term 25, Year 2, Session 1	2015-10-01	Unicameralism	25	2	1	-	-	Reference	English	Regular	MP	notMinister	AKP	Justice and Development Party	Coalition	Right	Ramazan.Can	Can, Ramazan	M	1970	
ParlaMint-TR-en_2015-10-01-tbmm-T25	tbmm-2015-10-01sit02spe0074par0246	The Turkish parliamentary corpus ParlaMint-TR-en, Term 25, Year 2, Session 1	2015-10-01	Unicameralism	25	2	1	-	-	Reference	English	Regular	MP	notMinister	HDP	Peoples' Democratic Party	Opposition	Centre-left to left	Pervin.Buldan	Buldan, Pervin	F	1967	
ParlaMint-TR-en_2015-10-01-tbmm-T25	tbmm-2015-10-01sit02spe0077par0248	The Turkish parliamentary corpus ParlaMint-TR-en, Term 25, Year 2, Session 1	2015-10-01	Unicameralism	25	2	1	-	-	Reference	English	Regular	MP	notMinister	AKP	Justice and Development Party	Coalition	Right	AyşeSula.Köseoğlu	Köseoğlu, Ayşe Sula	F	1969	
ParlaMint-TR-en_2015-10-01-tbmm-T25	tbmm-2015-10-01sit02spe0074par0249	The Turkish parliamentary corpus ParlaMint-TR-en, Term 25, Year 2, Session 1	2015-10-01	Unicameralism	25	2	1	-	-	Reference	English	Regular	MP	notMinister	HDP	Peoples' Democratic Party	Opposition	Centre-left to left	Pervin.Buldan	Buldan, Pervin	F	1967	
ParlaMint-TR-en_2015-10-01-tbmm-T25	tbmm-2015-10-01sit02spe0078par0251	The Turkish parliamentary corpus ParlaMint-TR-en, Term 25, Year 2, Session 1	2015-10-01	Unicameralism	25	2	1	-	-	Reference	English	Chairperson	MP	notMinister	AKP	Justice and Development Party	Coalition	Right	İsmet.Yılmaz	Yılmaz, İsmet	M	1961	
ParlaMint-TR-en_2015-10-01-tbmm-T25	tbmm-2015-10-01sit02spe0074par0252	The Turkish parliamentary corpus ParlaMint-TR-en, Term 25, Year 2, Session 1	2015-10-01	Unicameralism	25	2	1	-	-	Reference	English	Regular	MP	notMinister	HDP	Peoples' Democratic Party	Opposition	Centre-left to left	Pervin.Buldan	Buldan, Pervin	F	1967	
ParlaMint-TR-en_2015-10-01-tbmm-T25	tbmm-2015-10-01sit02spe0079par0253	The Turkish parliamentary corpus ParlaMint-TR-en, Term 25, Year 2, Session 1	2015-10-01	Unicameralism	25	2	1	-	-	Reference	English	Regular	MP	notMinister	AKP	Justice and Development Party	Coalition	Right	AyşeSula.Köseoğlu	Köseoğlu, Ayşe Sula	F	1969	
ParlaMint-TR-en_2015-10-01-tbmm-T25	tbmm-2015-10-01sit02spe0074par0254	The Turkish parliamentary corpus ParlaMint-TR-en, Term 25, Year 2, Session 1	2015-10-01	Unicameralism	25	2	1	-	-	Reference	English	Regular	MP	notMinister	HDP	Peoples' Democratic Party	Opposition	Centre-left to left	Pervin.Buldan	Buldan, Pervin	F	1967	
ParlaMint-TR-en_2015-10-01-tbmm-T25	tbmm-2015-10-01sit02spe0079par0255	The Turkish parliamentary corpus ParlaMint-TR-en, Term 25, Year 2, Session 1	2015-10-01	Unicameralism	25	2	1	-	-	Reference	English	Regular	MP	notMinister	AKP	Justice and Development Party	Coalition	Right	AyşeSula.Köseoğlu	Köseoğlu, Ayşe Sula	F	1969	
ParlaMint-TR-en_2015-10-01-tbmm-T25	tbmm-2015-10-01sit02spe0074par0256	The Turkish parliamentary corpus ParlaMint-TR-en, Term 25, Year 2, Session 1	2015-10-01	Unicameralism	25	2	1	-	-	Reference	English	Regular	MP	notMinister	HDP	Peoples' Democratic Party	Opposition	Centre-left to left	Pervin.Buldan	Buldan, Pervin	F	1967	
ParlaMint-TR-en_2015-10-01-tbmm-T25	tbmm-2015-10-01sit02spe0080par0259	The Turkish parliamentary corpus ParlaMint-TR-en, Term 25, Year 2, Session 1	2015-10-01	Unicameralism	25	2	1	-	-	Reference	English	Regular	MP	notMinister	AKP	Justice and Development Party	Coalition	Right	İlknur.İnceöz	İnceöz, İlknur	F	1973	
ParlaMint-TR-en_2015-10-01-tbmm-T25	tbmm-2015-10-01sit02spe0081par0260	The Turkish parliamentary corpus ParlaMint-TR-en, Term 25, Year 2, Session 1	2015-10-01	Unicameralism	25	2	1	-	-	Reference	English	Regular	MP	notMinister	HDP	Peoples' Democratic Party	Opposition	Centre-left to left	Ali.Kenanoğlu	Kenanoğlu, Ali	M	1971	
ParlaMint-TR-en_2015-10-01-tbmm-T25	tbmm-2015-10-01sit02spe0080par0261	The Turkish parliamentary corpus ParlaMint-TR-en, Term 25, Year 2, Session 1	2015-10-01	Unicameralism	25	2	1	-	-	Reference	English	Regular	MP	notMinister	AKP	Justice and Development Party	Coalition	Right	İlknur.İnceöz	İnceöz, İlknur	F	1973	
ParlaMint-TR-en_2015-10-01-tbmm-T25	tbmm-2015-10-01sit02spe0081par0262	The Turkish parliamentary corpus ParlaMint-TR-en, Term 25, Year 2, Session 1	2015-10-01	Unicameralism	25	2	1	-	-	Reference	English	Regular	MP	notMinister	HDP	Peoples' Democratic Party	Opposition	Centre-left to left	Ali.Kenanoğlu	Kenanoğlu, Ali	M	1971	
ParlaMint-TR-en_2015-10-01-tbmm-T25	tbmm-2015-10-01sit02spe0082par0263	The Turkish parliamentary corpus ParlaMint-TR-en, Term 25, Year 2, Session 1	2015-10-01	Unicameralism	25	2	1	-	-	Reference	English	Regular	MP	notMinister	HDP	Peoples' Democratic Party	Opposition	Centre-left to left	Pervin.Buldan	Buldan, Pervin	F	1967	
ParlaMint-TR-en_2015-10-01-tbmm-T25	tbmm-2015-10-01sit02spe0080par0264	The Turkish parliamentary corpus ParlaMint-TR-en, Term 25, Year 2, Session 1	2015-10-01	Unicameralism	25	2	1	-	-	Reference	English	Regular	MP	notMinister	AKP	Justice and Development Party	Coalition	Right	İlknur.İnceöz	İnceöz, İlknur	F	1973	
ParlaMint-TR-en_2015-10-01-tbmm-T25	tbmm-2015-10-01sit02spe0082par0265	The Turkish parliamentary corpus ParlaMint-TR-en, Term 25, Year 2, Session 1	2015-10-01	Unicameralism	25	2	1	-	-	Reference	English	Regular	MP	notMinister	HDP	Peoples' Democratic Party	Opposition	Centre-left to left	Pervin.Buldan	Buldan, Pervin	F	1967	
ParlaMint-TR-en_2015-10-01-tbmm-T25	tbmm-2015-10-01sit02spe0083par0267	The Turkish parliamentary corpus ParlaMint-TR-en, Term 25, Year 2, Session 1	2015-10-01	Unicameralism	25	2	1	-	-	Reference	English	Regular	MP	notMinister	AKP	Justice and Development Party	Coalition	Right	İlyas.Şeker	Şeker, İlyas	M	1960	
ParlaMint-TR-en_2015-10-01-tbmm-T25	tbmm-2015-10-01sit02spe0084par0268	The Turkish parliamentary corpus ParlaMint-TR-en, Term 25, Year 2, Session 1	2015-10-01	Unicameralism	25	2	1	-	-	Reference	English	Regular	MP	notMinister	HDP	Peoples' Democratic Party	Opposition	Centre-left to left	Ali.Kenanoğlu	Kenanoğlu, Ali	M	1971	
ParlaMint-TR-en_2015-10-01-tbmm-T25	tbmm-2015-10-01sit02spe0082par0269	The Turkish parliamentary corpus ParlaMint-TR-en, Term 25, Year 2, Session 1	2015-10-01	Unicameralism	25	2	1	-	-	Reference	English	Regular	MP	notMinister	HDP	Peoples' Democratic Party	Opposition	Centre-left to left	Pervin.Buldan	Buldan, Pervin	F	1967	
ParlaMint-TR-en_2015-10-01-tbmm-T25	tbmm-2015-10-01sit02spe0085par0271	The Turkish parliamentary corpus ParlaMint-TR-en, Term 25, Year 2, Session 1	2015-10-01	Unicameralism	25	2	1	-	-	Reference	English	Regular	MP	notMinister	HDP	Peoples' Democratic Party	Opposition	Centre-left to left	Selma.Irmak	Irmak, Selma	F	1971	
ParlaMint-TR-en_2015-10-01-tbmm-T25	tbmm-2015-10-01sit02spe0082par0272	The Turkish parliamentary corpus ParlaMint-TR-en, Term 25, Year 2, Session 1	2015-10-01	Unicameralism	25	2	1	-	-	Reference	English	Regular	MP	notMinister	HDP	Peoples' Democratic Party	Opposition	Centre-left to left	Pervin.Buldan	Buldan, Pervin	F	1967	
ParlaMint-TR-en_2015-10-01-tbmm-T25	tbmm-2015-10-01sit02spe0086par0273	The Turkish parliamentary corpus ParlaMint-TR-en, Term 25, Year 2, Session 1	2015-10-01	Unicameralism	25	2	1	-	-	Reference	English	Regular	MP	notMinister	AKP	Justice and Development Party	Coalition	Right	AyşeSula.Köseoğlu	Köseoğlu, Ayşe Sula	F	1969	
ParlaMint-TR-en_2015-10-01-tbmm-T25	tbmm-2015-10-01sit02spe0082par0274	The Turkish parliamentary corpus ParlaMint-TR-en, Term 25, Year 2, Session 1	2015-10-01	Unicameralism	25	2	1	-	-	Reference	English	Regular	MP	notMinister	HDP	Peoples' Democratic Party	Opposition	Centre-left to left	Pervin.Buldan	Buldan, Pervin	F	1967	
ParlaMint-TR-en_2015-10-01-tbmm-T25	tbmm-2015-10-01sit02spe0087par0276	The Turkish parliamentary corpus ParlaMint-TR-en, Term 25, Year 2, Session 1	2015-10-01	Unicameralism	25	2	1	-	-	Reference	English	Chairperson	MP	notMinister	AKP	Justice and Development Party	Coalition	Right	İsmet.Yılmaz	Yılmaz, İsmet	M	1961	
ParlaMint-TR-en_2015-10-01-tbmm-T25	tbmm-2015-10-01sit02spe0082par0277	The Turkish parliamentary corpus ParlaMint-TR-en, Term 25, Year 2, Session 1	2015-10-01	Unicameralism	25	2	1	-	-	Reference	English	Regular	MP	notMinister	HDP	Peoples' Democratic Party	Opposition	Centre-left to left	Pervin.Buldan	Buldan, Pervin	F	1967	
ParlaMint-TR-en_2015-10-01-tbmm-T25	tbmm-2015-10-01sit02spe0088par0278	The Turkish parliamentary corpus ParlaMint-TR-en, Term 25, Year 2, Session 1	2015-10-01	Unicameralism	25	2	1	-	-	Reference	English	Regular	MP	notMinister	AKP	Justice and Development Party	Coalition	Right	Metin.Külünk	Külünk, Metin	M	1960	
ParlaMint-TR-en_2015-10-01-tbmm-T25	tbmm-2015-10-01sit02spe0082par0279	The Turkish parliamentary corpus ParlaMint-TR-en, Term 25, Year 2, Session 1	2015-10-01	Unicameralism	25	2	1	-	-	Reference	English	Regular	MP	notMinister	HDP	Peoples' Democratic Party	Opposition	Centre-left to left	Pervin.Buldan	Buldan, Pervin	F	1967	
ParlaMint-TR-en_2015-10-01-tbmm-T25	tbmm-2015-10-01sit02spe0089par0283	The Turkish parliamentary corpus ParlaMint-TR-en, Term 25, Year 2, Session 1	2015-10-01	Unicameralism	25	2	1	-	-	Reference	English	Chairperson	MP	notMinister	AKP	Justice and Development Party	Coalition	Right	İsmet.Yılmaz	Yılmaz, İsmet	M	1961	
ParlaMint-TR-en_2015-10-01-tbmm-T25	tbmm-2015-10-01sit02spe0090par0286	The Turkish parliamentary corpus ParlaMint-TR-en, Term 25, Year 2, Session 1	2015-10-01	Unicameralism	25	2	1	-	-	Reference	English	Regular	MP	notMinister	MHP	Nationalist Movement Party	Opposition	Right to far-right	Oktay.Vural	Vural, Oktay	M	1956	
ParlaMint-TR-en_2015-10-01-tbmm-T25	tbmm-2015-10-01sit02spe0091par0291	The Turkish parliamentary corpus ParlaMint-TR-en, Term 25, Year 2, Session 1	2015-10-01	Unicameralism	25	2	1	-	-	Reference	English	Regular	MP	notMinister	AKP	Justice and Development Party	Coalition	Right	Bülent.Turan	Turan, Bülent	M	1975	
ParlaMint-TR-en_2015-10-01-tbmm-T25	tbmm-2015-10-01sit02spe0090par0292	The Turkish parliamentary corpus ParlaMint-TR-en, Term 25, Year 2, Session 1	2015-10-01	Unicameralism	25	2	1	-	-	Reference	English	Regular	MP	notMinister	MHP	Nationalist Movement Party	Opposition	Right to far-right	Oktay.Vural	Vural, Oktay	M	1956	
ParlaMint-TR-en_2015-10-01-tbmm-T25	tbmm-2015-10-01sit02spe0092par0294	The Turkish parliamentary corpus ParlaMint-TR-en, Term 25, Year 2, Session 1	2015-10-01	Unicameralism	25	2	1	-	-	Reference	English	Regular	MP	notMinister	AKP	Justice and Development Party	Coalition	Right	Zehra.Taşkesenlioğlu	Taşkesenlioğlu, Zehra	F	1972	
ParlaMint-TR-en_2015-10-01-tbmm-T25	tbmm-2015-10-01sit02spe0090par0295	The Turkish parliamentary corpus ParlaMint-TR-en, Term 25, Year 2, Session 1	2015-10-01	Unicameralism	25	2	1	-	-	Reference	English	Regular	MP	notMinister	MHP	Nationalist Movement Party	Opposition	Right to far-right	Oktay.Vural	Vural, Oktay	M	1956	
ParlaMint-TR-en_2015-10-01-tbmm-T25	tbmm-2015-10-01sit02spe0093par0299	The Turkish parliamentary corpus ParlaMint-TR-en, Term 25, Year 2, Session 1	2015-10-01	Unicameralism	25	2	1	-	-	Reference	English	Regular	MP	notMinister	AKP	Justice and Development Party	Coalition	Right	Mehmet.Metiner	Metiner, Mehmet	M	1960	
ParlaMint-TR-en_2015-10-01-tbmm-T25	tbmm-2015-10-01sit02spe0090par0300	The Turkish parliamentary corpus ParlaMint-TR-en, Term 25, Year 2, Session 1	2015-10-01	Unicameralism	25	2	1	-	-	Reference	English	Regular	MP	notMinister	MHP	Nationalist Movement Party	Opposition	Right to far-right	Oktay.Vural	Vural, Oktay	M	1956	
ParlaMint-TR-en_2015-10-01-tbmm-T25	tbmm-2015-10-01sit02spe0094par0301	The Turkish parliamentary corpus ParlaMint-TR-en, Term 25, Year 2, Session 1	2015-10-01	Unicameralism	25	2	1	-	-	Reference	English	Regular	MP	notMinister	AKP	Justice and Development Party	Coalition	Right	MehmetAli.Pulcu	Pulcu, Mehmet Ali	M	1960	
ParlaMint-TR-en_2015-10-01-tbmm-T25	tbmm-2015-10-01sit02spe0090par0302	The Turkish parliamentary corpus ParlaMint-TR-en, Term 25, Year 2, Session 1	2015-10-01	Unicameralism	25	2	1	-	-	Reference	English	Regular	MP	notMinister	MHP	Nationalist Movement Party	Opposition	Right to far-right	Oktay.Vural	Vural, Oktay	M	1956	
ParlaMint-TR-en_2015-10-01-tbmm-T25	tbmm-2015-10-01sit02spe0095par0305	The Turkish parliamentary corpus ParlaMint-TR-en, Term 25, Year 2, Session 1	2015-10-01	Unicameralism	25	2	1	-	-	Reference	English	Chairperson	MP	notMinister	AKP	Justice and Development Party	Coalition	Right	İsmet.Yılmaz	Yılmaz, İsmet	M	1961	
ParlaMint-TR-en_2015-10-01-tbmm-T25	tbmm-2015-10-01sit02spe0096par0308	The Turkish parliamentary corpus ParlaMint-TR-en, Term 25, Year 2, Session 1	2015-10-01	Unicameralism	25	2	1	-	-	Reference	English	Regular	MP	notMinister	AKP	Justice and Development Party	Coalition	Right	Ahmet.Aydın1971	Aydın, Ahmet	M	1971	
ParlaMint-TR-en_2015-10-01-tbmm-T25	tbmm-2015-10-01sit02spe0095par0309	The Turkish parliamentary corpus ParlaMint-TR-en, Term 25, Year 2, Session 1	2015-10-01	Unicameralism	25	2	1	-	-	Reference	English	Chairperson	MP	notMinister	AKP	Justice and Development Party	Coalition	Right	İsmet.Yılmaz	Yılmaz, İsmet	M	1961	
ParlaMint-TR-en_2015-10-01-tbmm-T25	tbmm-2015-10-01sit02spe0097par0313	The Turkish parliamentary corpus ParlaMint-TR-en, Term 25, Year 2, Session 1	2015-10-01	Unicameralism	25	2	1	-	-	Reference	English	Regular	MP	notMinister	HDP	Peoples' Democratic Party	Opposition	Centre-left to left	Meral.DanışBeştaş	Danış Beştaş, Meral	F	1967	
ParlaMint-TR-en_2015-10-01-tbmm-T25	tbmm-2015-10-01sit02spe0098par0314	The Turkish parliamentary corpus ParlaMint-TR-en, Term 25, Year 2, Session 1	2015-10-01	Unicameralism	25	2	1	-	-	Reference	English	Regular	MP	notMinister	AKP	Justice and Development Party	Coalition	Right	Zehra.Taşkesenlioğlu	Taşkesenlioğlu, Zehra	F	1972	
ParlaMint-TR-en_2015-10-01-tbmm-T25	tbmm-2015-10-01sit02spe0097par0315	The Turkish parliamentary corpus ParlaMint-TR-en, Term 25, Year 2, Session 1	2015-10-01	Unicameralism	25	2	1	-	-	Reference	English	Regular	MP	notMinister	HDP	Peoples' Democratic Party	Opposition	Centre-left to left	Meral.DanışBeştaş	Danış Beştaş, Meral	F	1967	
ParlaMint-TR-en_2015-10-01-tbmm-T25	tbmm-2015-10-01sit02spe0099par0317	The Turkish parliamentary corpus ParlaMint-TR-en, Term 25, Year 2, Session 1	2015-10-01	Unicameralism	25	2	1	-	-	Reference	English	Chairperson	MP	notMinister	AKP	Justice and Development Party	Coalition	Right	İsmet.Yılmaz	Yılmaz, İsmet	M	1961	
ParlaMint-TR-en_2015-10-01-tbmm-T25	tbmm-2015-10-01sit02spe0098par0318	The Turkish parliamentary corpus ParlaMint-TR-en, Term 25, Year 2, Session 1	2015-10-01	Unicameralism	25	2	1	-	-	Reference	English	Regular	MP	notMinister	AKP	Justice and Development Party	Coalition	Right	Zehra.Taşkesenlioğlu	Taşkesenlioğlu, Zehra	F	1972	
ParlaMint-TR-en_2015-10-01-tbmm-T25	tbmm-2015-10-01sit02spe0097par0319	The Turkish parliamentary corpus ParlaMint-TR-en, Term 25, Year 2, Session 1	2015-10-01	Unicameralism	25	2	1	-	-	Reference	English	Regular	MP	notMinister	HDP	Peoples' Democratic Party	Opposition	Centre-left to left	Meral.DanışBeştaş	Danış Beştaş, Meral	F	1967	
ParlaMint-TR-en_2015-10-01-tbmm-T25	tbmm-2015-10-01sit02spe0098par0320	The Turkish parliamentary corpus ParlaMint-TR-en, Term 25, Year 2, Session 1	2015-10-01	Unicameralism	25	2	1	-	-	Reference	English	Regular	MP	notMinister	AKP	Justice and Development Party	Coalition	Right	Zehra.Taşkesenlioğlu	Taşkesenlioğlu, Zehra	F	1972	
ParlaMint-TR-en_2015-10-01-tbmm-T25	tbmm-2015-10-01sit02spe0097par0321	The Turkish parliamentary corpus ParlaMint-TR-en, Term 25, Year 2, Session 1	2015-10-01	Unicameralism	25	2	1	-	-	Reference	English	Regular	MP	notMinister	HDP	Peoples' Democratic Party	Opposition	Centre-left to left	Meral.DanışBeştaş	Danış Beştaş, Meral	F	1967	
ParlaMint-TR-en_2015-10-01-tbmm-T25	tbmm-2015-10-01sit02spe0098par0322	The Turkish parliamentary corpus ParlaMint-TR-en, Term 25, Year 2, Session 1	2015-10-01	Unicameralism	25	2	1	-	-	Reference	English	Regular	MP	notMinister	AKP	Justice and Development Party	Coalition	Right	Zehra.Taşkesenlioğlu	Taşkesenlioğlu, Zehra	F	1972	
ParlaMint-TR-en_2015-10-01-tbmm-T25	tbmm-2015-10-01sit02spe0097par0323	The Turkish parliamentary corpus ParlaMint-TR-en, Term 25, Year 2, Session 1	2015-10-01	Unicameralism	25	2	1	-	-	Reference	English	Regular	MP	notMinister	HDP	Peoples' Democratic Party	Opposition	Centre-left to left	Meral.DanışBeştaş	Danış Beştaş, Meral	F	1967	
ParlaMint-TR-en_2015-10-01-tbmm-T25	tbmm-2015-10-01sit02spe0098par0324	The Turkish parliamentary corpus ParlaMint-TR-en, Term 25, Year 2, Session 1	2015-10-01	Unicameralism	25	2	1	-	-	Reference	English	Regular	MP	notMinister	AKP	Justice and Development Party	Coalition	Right	Zehra.Taşkesenlioğlu	Taşkesenlioğlu, Zehra	F	1972	
ParlaMint-TR-en_2015-10-01-tbmm-T25	tbmm-2015-10-01sit02spe0097par0325	The Turkish parliamentary corpus ParlaMint-TR-en, Term 25, Year 2, Session 1	2015-10-01	Unicameralism	25	2	1	-	-	Reference	English	Regular	MP	notMinister	HDP	Peoples' Democratic Party	Opposition	Centre-left to left	Meral.DanışBeştaş	Danış Beştaş, Meral	F	1967	
ParlaMint-TR-en_2015-10-01-tbmm-T25	tbmm-2015-10-01sit02spe0098par0327	The Turkish parliamentary corpus ParlaMint-TR-en, Term 25, Year 2, Session 1	2015-10-01	Unicameralism	25	2	1	-	-	Reference	English	Regular	MP	notMinister	AKP	Justice and Development Party	Coalition	Right	Zehra.Taşkesenlioğlu	Taşkesenlioğlu, Zehra	F	1972	
ParlaMint-TR-en_2015-10-01-tbmm-T25	tbmm-2015-10-01sit02spe0100par0328	The Turkish parliamentary corpus ParlaMint-TR-en, Term 25, Year 2, Session 1	2015-10-01	Unicameralism	25	2	1	-	-	Reference	English	Regular	MP	notMinister	AKP	Justice and Development Party	Coalition	Right	İlknur.İnceöz	İnceöz, İlknur	F	1973	
ParlaMint-TR-en_2015-10-01-tbmm-T25	tbmm-2015-10-01sit02spe0097par0329	The Turkish parliamentary corpus ParlaMint-TR-en, Term 25, Year 2, Session 1	2015-10-01	Unicameralism	25	2	1	-	-	Reference	English	Regular	MP	notMinister	HDP	Peoples' Democratic Party	Opposition	Centre-left to left	Meral.DanışBeştaş	Danış Beştaş, Meral	F	1967	
ParlaMint-TR-en_2015-10-01-tbmm-T25	tbmm-2015-10-01sit02spe0098par0331	The Turkish parliamentary corpus ParlaMint-TR-en, Term 25, Year 2, Session 1	2015-10-01	Unicameralism	25	2	1	-	-	Reference	English	Regular	MP	notMinister	AKP	Justice and Development Party	Coalition	Right	Zehra.Taşkesenlioğlu	Taşkesenlioğlu, Zehra	F	1972	
ParlaMint-TR-en_2015-10-01-tbmm-T25	tbmm-2015-10-01sit02spe0097par0332	The Turkish parliamentary corpus ParlaMint-TR-en, Term 25, Year 2, Session 1	2015-10-01	Unicameralism	25	2	1	-	-	Reference	English	Regular	MP	notMinister	HDP	Peoples' Democratic Party	Opposition	Centre-left to left	Meral.DanışBeştaş	Danış Beştaş, Meral	F	1967	
ParlaMint-TR-en_2015-10-01-tbmm-T25	tbmm-2015-10-01sit02spe0101par0337	The Turkish parliamentary corpus ParlaMint-TR-en, Term 25, Year 2, Session 1	2015-10-01	Unicameralism	25	2	1	-	-	Reference	English	Regular	MP	notMinister	AKP	Justice and Development Party	Coalition	Right	OsmanAşkın.Bak	Bak, Osman Aşkın	M	1966	
ParlaMint-TR-en_2015-10-01-tbmm-T25	tbmm-2015-10-01sit02spe0102par0338	The Turkish parliamentary corpus ParlaMint-TR-en, Term 25, Year 2, Session 1	2015-10-01	Unicameralism	25	2	1	-	-	Reference	English	Regular	MP	notMinister	AKP	Justice and Development Party	Coalition	Right	Zehra.Taşkesenlioğlu	Taşkesenlioğlu, Zehra	F	1972	
ParlaMint-TR-en_2015-10-01-tbmm-T25	tbmm-2015-10-01sit02spe0097par0339	The Turkish parliamentary corpus ParlaMint-TR-en, Term 25, Year 2, Session 1	2015-10-01	Unicameralism	25	2	1	-	-	Reference	English	Regular	MP	notMinister	HDP	Peoples' Democratic Party	Opposition	Centre-left to left	Meral.DanışBeştaş	Danış Beştaş, Meral	F	1967	
ParlaMint-TR-en_2015-10-01-tbmm-T25	tbmm-2015-10-01sit02spe0103par0340	The Turkish parliamentary corpus ParlaMint-TR-en, Term 25, Year 2, Session 1	2015-10-01	Unicameralism	25	2	1	-	-	Reference	English	Regular	MP	notMinister	AKP	Justice and Development Party	Coalition	Right	AyşeSula.Köseoğlu	Köseoğlu, Ayşe Sula	F	1969	
ParlaMint-TR-en_2015-10-01-tbmm-T25	tbmm-2015-10-01sit02spe0104par0341	The Turkish parliamentary corpus ParlaMint-TR-en, Term 25, Year 2, Session 1	2015-10-01	Unicameralism	25	2	1	-	-	Reference	English	Chairperson	MP	notMinister	AKP	Justice and Development Party	Coalition	Right	İsmet.Yılmaz	Yılmaz, İsmet	M	1961	
ParlaMint-TR-en_2015-10-01-tbmm-T25	tbmm-2015-10-01sit02spe0097par0342	The Turkish parliamentary corpus ParlaMint-TR-en, Term 25, Year 2, Session 1	2015-10-01	Unicameralism	25	2	1	-	-	Reference	English	Regular	MP	notMinister	HDP	Peoples' Democratic Party	Opposition	Centre-left to left	Meral.DanışBeştaş	Danış Beştaş, Meral	F	1967	
ParlaMint-TR-en_2015-10-01-tbmm-T25	tbmm-2015-10-01sit02spe0105par0346	The Turkish parliamentary corpus ParlaMint-TR-en, Term 25, Year 2, Session 1	2015-10-01	Unicameralism	25	2	1	-	-	Reference	English	Regular	MP	notMinister	AKP	Justice and Development Party	Coalition	Right	Zehra.Taşkesenlioğlu	Taşkesenlioğlu, Zehra	F	1972	
ParlaMint-TR-en_2015-10-01-tbmm-T25	tbmm-2015-10-01sit02spe0097par0347	The Turkish parliamentary corpus ParlaMint-TR-en, Term 25, Year 2, Session 1	2015-10-01	Unicameralism	25	2	1	-	-	Reference	English	Regular	MP	notMinister	HDP	Peoples' Democratic Party	Opposition	Centre-left to left	Meral.DanışBeştaş	Danış Beştaş, Meral	F	1967	
ParlaMint-TR-en_2015-10-01-tbmm-T25	tbmm-2015-10-01sit02spe0105par0348	The Turkish parliamentary corpus ParlaMint-TR-en, Term 25, Year 2, Session 1	2015-10-01	Unicameralism	25	2	1	-	-	Reference	English	Regular	MP	notMinister	AKP	Justice and Development Party	Coalition	Right	Zehra.Taşkesenlioğlu	Taşkesenlioğlu, Zehra	F	1972	
ParlaMint-TR-en_2015-10-01-tbmm-T25	tbmm-2015-10-01sit02spe0106par0349	The Turkish parliamentary corpus ParlaMint-TR-en, Term 25, Year 2, Session 1	2015-10-01	Unicameralism	25	2	1	-	-	Reference	English	Regular	MP	notMinister	HDP	Peoples' Democratic Party	Opposition	Centre-left to left	Burcu.Çelik	Çelik Özkan, Burcu	F	1986	
ParlaMint-TR-en_2015-10-01-tbmm-T25	tbmm-2015-10-01sit02spe0097par0350	The Turkish parliamentary corpus ParlaMint-TR-en, Term 25, Year 2, Session 1	2015-10-01	Unicameralism	25	2	1	-	-	Reference	English	Regular	MP	notMinister	HDP	Peoples' Democratic Party	Opposition	Centre-left to left	Meral.DanışBeştaş	Danış Beştaş, Meral	F	1967	
ParlaMint-TR-en_2015-10-01-tbmm-T25	tbmm-2015-10-01sit02spe0105par0352	The Turkish parliamentary corpus ParlaMint-TR-en, Term 25, Year 2, Session 1	2015-10-01	Unicameralism	25	2	1	-	-	Reference	English	Regular	MP	notMinister	AKP	Justice and Development Party	Coalition	Right	Zehra.Taşkesenlioğlu	Taşkesenlioğlu, Zehra	F	1972	
ParlaMint-TR-en_2015-10-01-tbmm-T25	tbmm-2015-10-01sit02spe0106par0353	The Turkish parliamentary corpus ParlaMint-TR-en, Term 25, Year 2, Session 1	2015-10-01	Unicameralism	25	2	1	-	-	Reference	English	Regular	MP	notMinister	HDP	Peoples' Democratic Party	Opposition	Centre-left to left	Burcu.Çelik	Çelik Özkan, Burcu	F	1986	
ParlaMint-TR-en_2015-10-01-tbmm-T25	tbmm-2015-10-01sit02spe0107par0354	The Turkish parliamentary corpus ParlaMint-TR-en, Term 25, Year 2, Session 1	2015-10-01	Unicameralism	25	2	1	-	-	Reference	English	Chairperson	MP	notMinister	AKP	Justice and Development Party	Coalition	Right	İsmet.Yılmaz	Yılmaz, İsmet	M	1961	
ParlaMint-TR-en_2015-10-01-tbmm-T25	tbmm-2015-10-01sit02spe0105par0355	The Turkish parliamentary corpus ParlaMint-TR-en, Term 25, Year 2, Session 1	2015-10-01	Unicameralism	25	2	1	-	-	Reference	English	Regular	MP	notMinister	AKP	Justice and Development Party	Coalition	Right	Zehra.Taşkesenlioğlu	Taşkesenlioğlu, Zehra	F	1972	
ParlaMint-TR-en_2015-10-01-tbmm-T25	tbmm-2015-10-01sit02spe0107par0356	The Turkish parliamentary corpus ParlaMint-TR-en, Term 25, Year 2, Session 1	2015-10-01	Unicameralism	25	2	1	-	-	Reference	English	Chairperson	MP	notMinister	AKP	Justice and Development Party	Coalition	Right	İsmet.Yılmaz	Yılmaz, İsmet	M	1961	
ParlaMint-TR-en_2015-10-01-tbmm-T25	tbmm-2015-10-01sit02spe0108par0359	The Turkish parliamentary corpus ParlaMint-TR-en, Term 25, Year 2, Session 1	2015-10-01	Unicameralism	25	2	1	-	-	Reference	English	Regular	MP	notMinister	AKP	Justice and Development Party	Coalition	Right	Ahmet.Aydın1971	Aydın, Ahmet	M	1971	
ParlaMint-TR-en_2015-10-01-tbmm-T25	tbmm-2015-10-01sit02spe0109par0364	The Turkish parliamentary corpus ParlaMint-TR-en, Term 25, Year 2, Session 1	2015-10-01	Unicameralism	25	2	1	-	-	Reference	English	Regular	MP	notMinister	HDP	Peoples' Democratic Party	Opposition	Centre-left to left	İdris.Baluken	Baluken, İdris	M	1976	
ParlaMint-TR-en_2015-10-01-tbmm-T25	tbmm-2015-10-01sit02spe0108par0365	The Turkish parliamentary corpus ParlaMint-TR-en, Term 25, Year 2, Session 1	2015-10-01	Unicameralism	25	2	1	-	-	Reference	English	Regular	MP	notMinister	AKP	Justice and Development Party	Coalition	Right	Ahmet.Aydın1971	Aydın, Ahmet	M	1971	
ParlaMint-TR-en_2015-10-01-tbmm-T25	tbmm-2015-10-01sit02spe0109par0367	The Turkish parliamentary corpus ParlaMint-TR-en, Term 25, Year 2, Session 1	2015-10-01	Unicameralism	25	2	1	-	-	Reference	English	Regular	MP	notMinister	HDP	Peoples' Democratic Party	Opposition	Centre-left to left	İdris.Baluken	Baluken, İdris	M	1976	
ParlaMint-TR-en_2015-10-01-tbmm-T25	tbmm-2015-10-01sit02spe0108par0368	The Turkish parliamentary corpus ParlaMint-TR-en, Term 25, Year 2, Session 1	2015-10-01	Unicameralism	25	2	1	-	-	Reference	English	Regular	MP	notMinister	AKP	Justice and Development Party	Coalition	Right	Ahmet.Aydın1971	Aydın, Ahmet	M	1971	
ParlaMint-TR-en_2015-10-01-tbmm-T25	tbmm-2015-10-01sit02spe0110par0370	The Turkish parliamentary corpus ParlaMint-TR-en, Term 25, Year 2, Session 1	2015-10-01	Unicameralism	25	2	1	-	-	Reference	English	Regular	MP	notMinister	AKP	Justice and Development Party	Coalition	Right	OsmanAşkın.Bak	Bak, Osman Aşkın	M	1966	
ParlaMint-TR-en_2015-10-01-tbmm-T25	tbmm-2015-10-01sit02spe0108par0371	The Turkish parliamentary corpus ParlaMint-TR-en, Term 25, Year 2, Session 1	2015-10-01	Unicameralism	25	2	1	-	-	Reference	English	Regular	MP	notMinister	AKP	Justice and Development Party	Coalition	Right	Ahmet.Aydın1971	Aydın, Ahmet	M	1971	
ParlaMint-TR-en_2015-10-01-tbmm-T25	tbmm-2015-10-01sit02spe0111par0372	The Turkish parliamentary corpus ParlaMint-TR-en, Term 25, Year 2, Session 1	2015-10-01	Unicameralism	25	2	1	-	-	Reference	English	Regular	MP	notMinister	HDP	Peoples' Democratic Party	Opposition	Centre-left to left	Selma.Irmak	Irmak, Selma	F	1971	
ParlaMint-TR-en_2015-10-01-tbmm-T25	tbmm-2015-10-01sit02spe0112par0373	The Turkish parliamentary corpus ParlaMint-TR-en, Term 25, Year 2, Session 1	2015-10-01	Unicameralism	25	2	1	-	-	Reference	English	Regular	MP	notMinister	HDP	Peoples' Democratic Party	Opposition	Centre-left to left	Mithat.Sancar	Sancar, Mithat	M	1963	
ParlaMint-TR-en_2015-10-01-tbmm-T25	tbmm-2015-10-01sit02spe0108par0374	The Turkish parliamentary corpus ParlaMint-TR-en, Term 25, Year 2, Session 1	2015-10-01	Unicameralism	25	2	1	-	-	Reference	English	Regular	MP	notMinister	AKP	Justice and Development Party	Coalition	Right	Ahmet.Aydın1971	Aydın, Ahmet	M	1971	
ParlaMint-TR-en_2015-10-01-tbmm-T25	tbmm-2015-10-01sit02spe0113par0375	The Turkish parliamentary corpus ParlaMint-TR-en, Term 25, Year 2, Session 1	2015-10-01	Unicameralism	25	2	1	-	-	Reference	English	Regular	MP	notMinister	HDP	Peoples' Democratic Party	Opposition	Centre-left to left	Ali.Kenanoğlu	Kenanoğlu, Ali	M	1971	
ParlaMint-TR-en_2015-10-01-tbmm-T25	tbmm-2015-10-01sit02spe0108par0376	The Turkish parliamentary corpus ParlaMint-TR-en, Term 25, Year 2, Session 1	2015-10-01	Unicameralism	25	2	1	-	-	Reference	English	Regular	MP	notMinister	AKP	Justice and Development Party	Coalition	Right	Ahmet.Aydın1971	Aydın, Ahmet	M	1971	
ParlaMint-TR-en_2015-10-01-tbmm-T25	tbmm-2015-10-01sit02spe0113par0377	The Turkish parliamentary corpus ParlaMint-TR-en, Term 25, Year 2, Session 1	2015-10-01	Unicameralism	25	2	1	-	-	Reference	English	Regular	MP	notMinister	HDP	Peoples' Democratic Party	Opposition	Centre-left to left	Ali.Kenanoğlu	Kenanoğlu, Ali	M	1971	
ParlaMint-TR-en_2015-10-01-tbmm-T25	tbmm-2015-10-01sit02spe0108par0378	The Turkish parliamentary corpus ParlaMint-TR-en, Term 25, Year 2, Session 1	2015-10-01	Unicameralism	25	2	1	-	-	Reference	English	Regular	MP	notMinister	AKP	Justice and Development Party	Coalition	Right	Ahmet.Aydın1971	Aydın, Ahmet	M	1971	
ParlaMint-TR-en_2015-10-01-tbmm-T25	tbmm-2015-10-01sit02spe0113par0380	The Turkish parliamentary corpus ParlaMint-TR-en, Term 25, Year 2, Session 1	2015-10-01	Unicameralism	25	2	1	-	-	Reference	English	Regular	MP	notMinister	HDP	Peoples' Democratic Party	Opposition	Centre-left to left	Ali.Kenanoğlu	Kenanoğlu, Ali	M	1971	
ParlaMint-TR-en_2015-10-01-tbmm-T25	tbmm-2015-10-01sit02spe0108par0381	The Turkish parliamentary corpus ParlaMint-TR-en, Term 25, Year 2, Session 1	2015-10-01	Unicameralism	25	2	1	-	-	Reference	English	Regular	MP	notMinister	AKP	Justice and Development Party	Coalition	Right	Ahmet.Aydın1971	Aydın, Ahmet	M	1971	
ParlaMint-TR-en_2015-10-01-tbmm-T25	tbmm-2015-10-01sit02spe0114par0382	The Turkish parliamentary corpus ParlaMint-TR-en, Term 25, Year 2, Session 1	2015-10-01	Unicameralism	25	2	1	-	-	Reference	English	Regular	MP	notMinister	HDP	Peoples' Democratic Party	Opposition	Centre-left to left	Ahmet.Yıldırım	Yıldırım, Ahmet	M	1972	
ParlaMint-TR-en_2015-10-01-tbmm-T25	tbmm-2015-10-01sit02spe0108par0383	The Turkish parliamentary corpus ParlaMint-TR-en, Term 25, Year 2, Session 1	2015-10-01	Unicameralism	25	2	1	-	-	Reference	English	Regular	MP	notMinister	AKP	Justice and Development Party	Coalition	Right	Ahmet.Aydın1971	Aydın, Ahmet	M	1971	
ParlaMint-TR-en_2015-10-01-tbmm-T25	tbmm-2015-10-01sit02spe0115par0384	The Turkish parliamentary corpus ParlaMint-TR-en, Term 25, Year 2, Session 1	2015-10-01	Unicameralism	25	2	1	-	-	Reference	English	Regular	MP	notMinister	HDP	Peoples' Democratic Party	Opposition	Centre-left to left	Selma.Irmak	Irmak, Selma	F	1971	
ParlaMint-TR-en_2015-10-01-tbmm-T25	tbmm-2015-10-01sit02spe0108par0385	The Turkish parliamentary corpus ParlaMint-TR-en, Term 25, Year 2, Session 1	2015-10-01	Unicameralism	25	2	1	-	-	Reference	English	Regular	MP	notMinister	AKP	Justice and Development Party	Coalition	Right	Ahmet.Aydın1971	Aydın, Ahmet	M	1971	
ParlaMint-TR-en_2015-10-01-tbmm-T25	tbmm-2015-10-01sit02spe0116par0386	The Turkish parliamentary corpus ParlaMint-TR-en, Term 25, Year 2, Session 1	2015-10-01	Unicameralism	25	2	1	-	-	Reference	English	Regular	MP	notMinister	HDP	Peoples' Democratic Party	Opposition	Centre-left to left	Ali.Kenanoğlu	Kenanoğlu, Ali	M	1971	
ParlaMint-TR-en_2015-10-01-tbmm-T25	tbmm-2015-10-01sit02spe0108par0387	The Turkish parliamentary corpus ParlaMint-TR-en, Term 25, Year 2, Session 1	2015-10-01	Unicameralism	25	2	1	-	-	Reference	English	Regular	MP	notMinister	AKP	Justice and Development Party	Coalition	Right	Ahmet.Aydın1971	Aydın, Ahmet	M	1971	
ParlaMint-TR-en_2015-10-01-tbmm-T25	tbmm-2015-10-01sit02spe0117par0393	The Turkish parliamentary corpus ParlaMint-TR-en, Term 25, Year 2, Session 1	2015-10-01	Unicameralism	25	2	1	-	-	Reference	English	Regular	MP	notMinister	HDP	Peoples' Democratic Party	Opposition	Centre-left to left	Ali.Kenanoğlu	Kenanoğlu, Ali	M	1971	
ParlaMint-TR-en_2015-10-01-tbmm-T25	tbmm-2015-10-01sit02spe0108par0394	The Turkish parliamentary corpus ParlaMint-TR-en, Term 25, Year 2, Session 1	2015-10-01	Unicameralism	25	2	1	-	-	Reference	English	Regular	MP	notMinister	AKP	Justice and Development Party	Coalition	Right	Ahmet.Aydın1971	Aydın, Ahmet	M	1971	
ParlaMint-TR-en_2015-10-01-tbmm-T25	tbmm-2015-10-01sit02spe0118par0395	The Turkish parliamentary corpus ParlaMint-TR-en, Term 25, Year 2, Session 1	2015-10-01	Unicameralism	25	2	1	-	-	Reference	English	Regular	MP	notMinister	HDP	Peoples' Democratic Party	Opposition	Centre-left to left	Selma.Irmak	Irmak, Selma	F	1971	
ParlaMint-TR-en_2015-10-01-tbmm-T25	tbmm-2015-10-01sit02spe0108par0396	The Turkish parliamentary corpus ParlaMint-TR-en, Term 25, Year 2, Session 1	2015-10-01	Unicameralism	25	2	1	-	-	Reference	English	Regular	MP	notMinister	AKP	Justice and Development Party	Coalition	Right	Ahmet.Aydın1971	Aydın, Ahmet	M	1971	
ParlaMint-TR-en_2015-10-01-tbmm-T25	tbmm-2015-10-01sit02spe0119par0400	The Turkish parliamentary corpus ParlaMint-TR-en, Term 25, Year 2, Session 1	2015-10-01	Unicameralism	25	2	1	-	-	Reference	English	Chairperson	MP	notMinister	AKP	Justice and Development Party	Coalition	Right	İsmet.Yılmaz	Yılmaz, İsmet	M	1961	
ParlaMint-TR-en_2015-10-01-tbmm-T25	tbmm-2015-10-01sit02spe0120par0401	The Turkish parliamentary corpus ParlaMint-TR-en, Term 25, Year 2, Session 1	2015-10-01	Unicameralism	25	2	1	-	-	Reference	English	Regular	MP	notMinister	HDP	Peoples' Democratic Party	Opposition	Centre-left to left	İdris.Baluken	Baluken, İdris	M	1976	
ParlaMint-TR-en_2015-10-01-tbmm-T25	tbmm-2015-10-01sit02spe0119par0402	The Turkish parliamentary corpus ParlaMint-TR-en, Term 25, Year 2, Session 1	2015-10-01	Unicameralism	25	2	1	-	-	Reference	English	Chairperson	MP	notMinister	AKP	Justice and Development Party	Coalition	Right	İsmet.Yılmaz	Yılmaz, İsmet	M	1961	
ParlaMint-TR-en_2015-10-01-tbmm-T25	tbmm-2015-10-01sit02spe0120par0403	The Turkish parliamentary corpus ParlaMint-TR-en, Term 25, Year 2, Session 1	2015-10-01	Unicameralism	25	2	1	-	-	Reference	English	Regular	MP	notMinister	HDP	Peoples' Democratic Party	Opposition	Centre-left to left	İdris.Baluken	Baluken, İdris	M	1976	
ParlaMint-TR-en_2015-10-01-tbmm-T25	tbmm-2015-10-01sit02spe0119par0404	The Turkish parliamentary corpus ParlaMint-TR-en, Term 25, Year 2, Session 1	2015-10-01	Unicameralism	25	2	1	-	-	Reference	English	Chairperson	MP	notMinister	AKP	Justice and Development Party	Coalition	Right	İsmet.Yılmaz	Yılmaz, İsmet	M	1961	
ParlaMint-TR-en_2015-10-01-tbmm-T25	tbmm-2015-10-01sit02spe0120par0406	The Turkish parliamentary corpus ParlaMint-TR-en, Term 25, Year 2, Session 1	2015-10-01	Unicameralism	25	2	1	-	-	Reference	English	Regular	MP	notMinister	HDP	Peoples' Democratic Party	Opposition	Centre-left to left	İdris.Baluken	Baluken, İdris	M	1976	
ParlaMint-TR-en_2015-10-01-tbmm-T25	tbmm-2015-10-01sit02spe0119par0407	The Turkish parliamentary corpus ParlaMint-TR-en, Term 25, Year 2, Session 1	2015-10-01	Unicameralism	25	2	1	-	-	Reference	English	Chairperson	MP	notMinister	AKP	Justice and Development Party	Coalition	Right	İsmet.Yılmaz	Yılmaz, İsmet	M	1961	
ParlaMint-TR-en_2015-10-01-tbmm-T25	tbmm-2015-10-01sit02spe0121par0408	The Turkish parliamentary corpus ParlaMint-TR-en, Term 25, Year 2, Session 1	2015-10-01	Unicameralism	25	2	1	-	-	Reference	English	Regular	MP	notMinister	HDP	Peoples' Democratic Party	Opposition	Centre-left to left	Ahmet.Yıldırım	Yıldırım, Ahmet	M	1972	
ParlaMint-TR-en_2015-10-01-tbmm-T25	tbmm-2015-10-01sit02spe0120par0409	The Turkish parliamentary corpus ParlaMint-TR-en, Term 25, Year 2, Session 1	2015-10-01	Unicameralism	25	2	1	-	-	Reference	English	Regular	MP	notMinister	HDP	Peoples' Democratic Party	Opposition	Centre-left to left	İdris.Baluken	Baluken, İdris	M	1976	
ParlaMint-TR-en_2015-10-01-tbmm-T25	tbmm-2015-10-01sit02spe0119par0410	The Turkish parliamentary corpus ParlaMint-TR-en, Term 25, Year 2, Session 1	2015-10-01	Unicameralism	25	2	1	-	-	Reference	English	Chairperson	MP	notMinister	AKP	Justice and Development Party	Coalition	Right	İsmet.Yılmaz	Yılmaz, İsmet	M	1961	
ParlaMint-TR-en_2015-10-01-tbmm-T25	tbmm-2015-10-01sit02spe0120par0411	The Turkish parliamentary corpus ParlaMint-TR-en, Term 25, Year 2, Session 1	2015-10-01	Unicameralism	25	2	1	-	-	Reference	English	Regular	MP	notMinister	HDP	Peoples' Democratic Party	Opposition	Centre-left to left	İdris.Baluken	Baluken, İdris	M	1976	
ParlaMint-TR-en_2015-10-01-tbmm-T25	tbmm-2015-10-01sit02spe0122par0412	The Turkish parliamentary corpus ParlaMint-TR-en, Term 25, Year 2, Session 1	2015-10-01	Unicameralism	25	2	1	-	-	Reference	English	Regular	MP	notMinister	AKP	Justice and Development Party	Coalition	Right	Ahmet.Aydın1971	Aydın, Ahmet	M	1971	
ParlaMint-TR-en_2015-10-01-tbmm-T25	tbmm-2015-10-01sit02spe0123par0413	The Turkish parliamentary corpus ParlaMint-TR-en, Term 25, Year 2, Session 1	2015-10-01	Unicameralism	25	2	1	-	-	Reference	English	Regular	MP	notMinister	AKP	Justice and Development Party	Coalition	Right	İlknur.İnceöz	İnceöz, İlknur	F	1973	
ParlaMint-TR-en_2015-10-01-tbmm-T25	tbmm-2015-10-01sit02spe0124par0414	The Turkish parliamentary corpus ParlaMint-TR-en, Term 25, Year 2, Session 1	2015-10-01	Unicameralism	25	2	1	-	-	Reference	English	Regular	MP	notMinister	HDP	Peoples' Democratic Party	Opposition	Centre-left to left	Ali.Kenanoğlu	Kenanoğlu, Ali	M	1971	
ParlaMint-TR-en_2015-10-01-tbmm-T25	tbmm-2015-10-01sit02spe0125par0415	The Turkish parliamentary corpus ParlaMint-TR-en, Term 25, Year 2, Session 1	2015-10-01	Unicameralism	25	2	1	-	-	Reference	English	Regular	MP	notMinister	HDP	Peoples' Democratic Party	Opposition	Centre-left to left	İdris.Baluken	Baluken, İdris	M	1976	
ParlaMint-TR-en_2015-10-01-tbmm-T25	tbmm-2015-10-01sit02spe0126par0417	The Turkish parliamentary corpus ParlaMint-TR-en, Term 25, Year 2, Session 1	2015-10-01	Unicameralism	25	2	1	-	-	Reference	English	Chairperson	MP	notMinister	AKP	Justice and Development Party	Coalition	Right	İsmet.Yılmaz	Yılmaz, İsmet	M	1961	
ParlaMint-TR-en_2015-10-01-tbmm-T25	tbmm-2015-10-01sit02spe0125par0418	The Turkish parliamentary corpus ParlaMint-TR-en, Term 25, Year 2, Session 1	2015-10-01	Unicameralism	25	2	1	-	-	Reference	English	Regular	MP	notMinister	HDP	Peoples' Democratic Party	Opposition	Centre-left to left	İdris.Baluken	Baluken, İdris	M	1976	
ParlaMint-TR-en_2015-10-01-tbmm-T25	tbmm-2015-10-01sit02spe0126par0419	The Turkish parliamentary corpus ParlaMint-TR-en, Term 25, Year 2, Session 1	2015-10-01	Unicameralism	25	2	1	-	-	Reference	English	Chairperson	MP	notMinister	AKP	Justice and Development Party	Coalition	Right	İsmet.Yılmaz	Yılmaz, İsmet	M	1961	
ParlaMint-TR-en_2015-10-01-tbmm-T25	tbmm-2015-10-01sit02spe0125par0420	The Turkish parliamentary corpus ParlaMint-TR-en, Term 25, Year 2, Session 1	2015-10-01	Unicameralism	25	2	1	-	-	Reference	English	Regular	MP	notMinister	HDP	Peoples' Democratic Party	Opposition	Centre-left to left	İdris.Baluken	Baluken, İdris	M	1976	
ParlaMint-TR-en_2015-10-01-tbmm-T25	tbmm-2015-10-01sit02spe0126par0421	The Turkish parliamentary corpus ParlaMint-TR-en, Term 25, Year 2, Session 1	2015-10-01	Unicameralism	25	2	1	-	-	Reference	English	Chairperson	MP	notMinister	AKP	Justice and Development Party	Coalition	Right	İsmet.Yılmaz	Yılmaz, İsmet	M	1961	
ParlaMint-TR-en_2015-10-01-tbmm-T25	tbmm-2015-10-01sit02spe0125par0422	The Turkish parliamentary corpus ParlaMint-TR-en, Term 25, Year 2, Session 1	2015-10-01	Unicameralism	25	2	1	-	-	Reference	English	Regular	MP	notMinister	HDP	Peoples' Democratic Party	Opposition	Centre-left to left	İdris.Baluken	Baluken, İdris	M	1976	
ParlaMint-TR-en_2015-10-01-tbmm-T25	tbmm-2015-10-01sit02spe0126par0423	The Turkish parliamentary corpus ParlaMint-TR-en, Term 25, Year 2, Session 1	2015-10-01	Unicameralism	25	2	1	-	-	Reference	English	Chairperson	MP	notMinister	AKP	Justice and Development Party	Coalition	Right	İsmet.Yılmaz	Yılmaz, İsmet	M	1961	
ParlaMint-TR-en_2015-10-01-tbmm-T25	tbmm-2015-10-01sit02spe0127par0426	The Turkish parliamentary corpus ParlaMint-TR-en, Term 25, Year 2, Session 1	2015-10-01	Unicameralism	25	2	1	-	-	Reference	English	Regular	MP	notMinister	HDP	Peoples' Democratic Party	Opposition	Centre-left to left	Ahmet.Yıldırım	Yıldırım, Ahmet	M	1972	
ParlaMint-TR-en_2015-10-01-tbmm-T25	tbmm-2015-10-01sit02spe0128par0427	The Turkish parliamentary corpus ParlaMint-TR-en, Term 25, Year 2, Session 1	2015-10-01	Unicameralism	25	2	1	-	-	Reference	English	Regular	MP	notMinister	HDP	Peoples' Democratic Party	Opposition	Centre-left to left	İdris.Baluken	Baluken, İdris	M	1976	
ParlaMint-TR-en_2015-10-01-tbmm-T25	tbmm-2015-10-01sit02spe0127par0428	The Turkish parliamentary corpus ParlaMint-TR-en, Term 25, Year 2, Session 1	2015-10-01	Unicameralism	25	2	1	-	-	Reference	English	Regular	MP	notMinister	HDP	Peoples' Democratic Party	Opposition	Centre-left to left	Ahmet.Yıldırım	Yıldırım, Ahmet	M	1972	
ParlaMint-TR-en_2015-10-01-tbmm-T25	tbmm-2015-10-01sit02spe0128par0429	The Turkish parliamentary corpus ParlaMint-TR-en, Term 25, Year 2, Session 1	2015-10-01	Unicameralism	25	2	1	-	-	Reference	English	Regular	MP	notMinister	HDP	Peoples' Democratic Party	Opposition	Centre-left to left	İdris.Baluken	Baluken, İdris	M	1976	
ParlaMint-TR-en_2015-10-01-tbmm-T25	tbmm-2015-10-01sit02spe0129par0430	The Turkish parliamentary corpus ParlaMint-TR-en, Term 25, Year 2, Session 1	2015-10-01	Unicameralism	25	2	1	-	-	Reference	English	Chairperson	MP	notMinister	AKP	Justice and Development Party	Coalition	Right	İsmet.Yılmaz	Yılmaz, İsmet	M	1961	
ParlaMint-TR-en_2015-10-01-tbmm-T25	tbmm-2015-10-01sit02spe0128par0432	The Turkish parliamentary corpus ParlaMint-TR-en, Term 25, Year 2, Session 1	2015-10-01	Unicameralism	25	2	1	-	-	Reference	English	Regular	MP	notMinister	HDP	Peoples' Democratic Party	Opposition	Centre-left to left	İdris.Baluken	Baluken, İdris	M	1976	
ParlaMint-TR-en_2015-10-01-tbmm-T25	tbmm-2015-10-01sit02spe0129par0433	The Turkish parliamentary corpus ParlaMint-TR-en, Term 25, Year 2, Session 1	2015-10-01	Unicameralism	25	2	1	-	-	Reference	English	Chairperson	MP	notMinister	AKP	Justice and Development Party	Coalition	Right	İsmet.Yılmaz	Yılmaz, İsmet	M	1961	
ParlaMint-TR-en_2015-10-01-tbmm-T25	tbmm-2015-10-01sit02spe0130par0434	The Turkish parliamentary corpus ParlaMint-TR-en, Term 25, Year 2, Session 1	2015-10-01	Unicameralism	25	2	1	-	-	Reference	English	Regular	MP	notMinister	HDP	Peoples' Democratic Party	Opposition	Centre-left to left	Ahmet.Yıldırım	Yıldırım, Ahmet	M	1972	
ParlaMint-TR-en_2015-10-01-tbmm-T25	tbmm-2015-10-01sit02spe0128par0435	The Turkish parliamentary corpus ParlaMint-TR-en, Term 25, Year 2, Session 1	2015-10-01	Unicameralism	25	2	1	-	-	Reference	English	Regular	MP	notMinister	HDP	Peoples' Democratic Party	Opposition	Centre-left to left	İdris.Baluken	Baluken, İdris	M	1976	
ParlaMint-TR-en_2015-10-01-tbmm-T25	tbmm-2015-10-01sit02spe0131par0436	The Turkish parliamentary corpus ParlaMint-TR-en, Term 25, Year 2, Session 1	2015-10-01	Unicameralism	25	2	1	-	-	Reference	English	Regular	MP	notMinister	AKP	Justice and Development Party	Coalition	Right	OsmanAşkın.Bak	Bak, Osman Aşkın	M	1966	
ParlaMint-TR-en_2015-10-01-tbmm-T25	tbmm-2015-10-01sit02spe0128par0437	The Turkish parliamentary corpus ParlaMint-TR-en, Term 25, Year 2, Session 1	2015-10-01	Unicameralism	25	2	1	-	-	Reference	English	Regular	MP	notMinister	HDP	Peoples' Democratic Party	Opposition	Centre-left to left	İdris.Baluken	Baluken, İdris	M	1976	
ParlaMint-TR-en_2015-10-01-tbmm-T25	tbmm-2015-10-01sit02spe0131par0438	The Turkish parliamentary corpus ParlaMint-TR-en, Term 25, Year 2, Session 1	2015-10-01	Unicameralism	25	2	1	-	-	Reference	English	Regular	MP	notMinister	AKP	Justice and Development Party	Coalition	Right	OsmanAşkın.Bak	Bak, Osman Aşkın	M	1966	
ParlaMint-TR-en_2015-10-01-tbmm-T25	tbmm-2015-10-01sit02spe0132par0439	The Turkish parliamentary corpus ParlaMint-TR-en, Term 25, Year 2, Session 1	2015-10-01	Unicameralism	25	2	1	-	-	Reference	English	Regular	MP	notMinister	AKP	Justice and Development Party	Coalition	Right	İlknur.İnceöz	İnceöz, İlknur	F	1973	
ParlaMint-TR-en_2015-10-01-tbmm-T25	tbmm-2015-10-01sit02spe0128par0440	The Turkish parliamentary corpus ParlaMint-TR-en, Term 25, Year 2, Session 1	2015-10-01	Unicameralism	25	2	1	-	-	Reference	English	Regular	MP	notMinister	HDP	Peoples' Democratic Party	Opposition	Centre-left to left	İdris.Baluken	Baluken, İdris	M	1976	
ParlaMint-TR-en_2015-10-01-tbmm-T25	tbmm-2015-10-01sit02spe0133par0441	The Turkish parliamentary corpus ParlaMint-TR-en, Term 25, Year 2, Session 1	2015-10-01	Unicameralism	25	2	1	-	-	Reference	English	Chairperson	MP	notMinister	AKP	Justice and Development Party	Coalition	Right	İsmet.Yılmaz	Yılmaz, İsmet	M	1961	
ParlaMint-TR-en_2015-10-01-tbmm-T25	tbmm-2015-10-01sit02spe0128par0443	The Turkish parliamentary corpus ParlaMint-TR-en, Term 25, Year 2, Session 1	2015-10-01	Unicameralism	25	2	1	-	-	Reference	English	Regular	MP	notMinister	HDP	Peoples' Democratic Party	Opposition	Centre-left to left	İdris.Baluken	Baluken, İdris	M	1976	
ParlaMint-TR-en_2015-10-01-tbmm-T25	tbmm-2015-10-01sit02spe0134par0444	The Turkish parliamentary corpus ParlaMint-TR-en, Term 25, Year 2, Session 1	2015-10-01	Unicameralism	25	2	1	-	-	Reference	English	Regular	MP	notMinister	HDP	Peoples' Democratic Party	Opposition	Centre-left to left	SırrıSüreyya.Önder	Önder, Sırrı Süreyya	M	1962	
ParlaMint-TR-en_2015-10-01-tbmm-T25	tbmm-2015-10-01sit02spe0133par0445	The Turkish parliamentary corpus ParlaMint-TR-en, Term 25, Year 2, Session 1	2015-10-01	Unicameralism	25	2	1	-	-	Reference	English	Chairperson	MP	notMinister	AKP	Justice and Development Party	Coalition	Right	İsmet.Yılmaz	Yılmaz, İsmet	M	1961	
ParlaMint-TR-en_2015-10-01-tbmm-T25	tbmm-2015-10-01sit02spe0128par0446	The Turkish parliamentary corpus ParlaMint-TR-en, Term 25, Year 2, Session 1	2015-10-01	Unicameralism	25	2	1	-	-	Reference	English	Regular	MP	notMinister	HDP	Peoples' Democratic Party	Opposition	Centre-left to left	İdris.Baluken	Baluken, İdris	M	1976	
ParlaMint-TR-en_2015-10-01-tbmm-T25	tbmm-2015-10-01sit02spe0133par0447	The Turkish parliamentary corpus ParlaMint-TR-en, Term 25, Year 2, Session 1	2015-10-01	Unicameralism	25	2	1	-	-	Reference	English	Chairperson	MP	notMinister	AKP	Justice and Development Party	Coalition	Right	İsmet.Yılmaz	Yılmaz, İsmet	M	1961	
ParlaMint-TR-en_2015-10-01-tbmm-T25	tbmm-2015-10-01sit02spe0135par0450	The Turkish parliamentary corpus ParlaMint-TR-en, Term 25, Year 2, Session 1	2015-10-01	Unicameralism	25	2	1	-	-	Reference	English	Regular	MP	notMinister	AKP	Justice and Development Party	Coalition	Right	MehmetAli.Pulcu	Pulcu, Mehmet Ali	M	1960	
ParlaMint-TR-en_2015-10-01-tbmm-T25	tbmm-2015-10-01sit02spe0136par0453	The Turkish parliamentary corpus ParlaMint-TR-en, Term 25, Year 2, Session 1	2015-10-01	Unicameralism	25	2	1	-	-	Reference	English	Regular	MP	notMinister	HDP	Peoples' Democratic Party	Opposition	Centre-left to left	SırrıSüreyya.Önder	Önder, Sırrı Süreyya	M	1962	
ParlaMint-TR-en_2015-10-01-tbmm-T25	tbmm-2015-10-01sit02spe0137par0454	The Turkish parliamentary corpus ParlaMint-TR-en, Term 25, Year 2, Session 1	2015-10-01	Unicameralism	25	2	1	-	-	Reference	English	Regular	MP	notMinister	AKP	Justice and Development Party	Coalition	Right	İlknur.İnceöz	İnceöz, İlknur	F	1973	
ParlaMint-TR-en_2015-10-01-tbmm-T25	tbmm-2015-10-01sit02spe0138par0455	The Turkish parliamentary corpus ParlaMint-TR-en, Term 25, Year 2, Session 1	2015-10-01	Unicameralism	25	2	1	-	-	Reference	English	Regular	MP	notMinister	AKP	Justice and Development Party	Coalition	Right	OsmanAşkın.Bak	Bak, Osman Aşkın	M	1966	
ParlaMint-TR-en_2015-10-01-tbmm-T25	tbmm-2015-10-01sit02spe0136par0456	The Turkish parliamentary corpus ParlaMint-TR-en, Term 25, Year 2, Session 1	2015-10-01	Unicameralism	25	2	1	-	-	Reference	English	Regular	MP	notMinister	HDP	Peoples' Democratic Party	Opposition	Centre-left to left	SırrıSüreyya.Önder	Önder, Sırrı Süreyya	M	1962	
ParlaMint-TR-en_2015-10-01-tbmm-T25	tbmm-2015-10-01sit02spe0138par0457	The Turkish parliamentary corpus ParlaMint-TR-en, Term 25, Year 2, Session 1	2015-10-01	Unicameralism	25	2	1	-	-	Reference	English	Regular	MP	notMinister	AKP	Justice and Development Party	Coalition	Right	OsmanAşkın.Bak	Bak, Osman Aşkın	M	1966	
ParlaMint-TR-en_2015-10-01-tbmm-T25	tbmm-2015-10-01sit02spe0136par0458	The Turkish parliamentary corpus ParlaMint-TR-en, Term 25, Year 2, Session 1	2015-10-01	Unicameralism	25	2	1	-	-	Reference	English	Regular	MP	notMinister	HDP	Peoples' Democratic Party	Opposition	Centre-left to left	SırrıSüreyya.Önder	Önder, Sırrı Süreyya	M	1962	
ParlaMint-TR-en_2015-10-01-tbmm-T25	tbmm-2015-10-01sit02spe0139par0459	The Turkish parliamentary corpus ParlaMint-TR-en, Term 25, Year 2, Session 1	2015-10-01	Unicameralism	25	2	1	-	-	Reference	English	Regular	MP	notMinister	AKP	Justice and Development Party	Coalition	Right	İlknur.İnceöz	İnceöz, İlknur	F	1973	
ParlaMint-TR-en_2015-10-01-tbmm-T25	tbmm-2015-10-01sit02spe0136par0460	The Turkish parliamentary corpus ParlaMint-TR-en, Term 25, Year 2, Session 1	2015-10-01	Unicameralism	25	2	1	-	-	Reference	English	Regular	MP	notMinister	HDP	Peoples' Democratic Party	Opposition	Centre-left to left	SırrıSüreyya.Önder	Önder, Sırrı Süreyya	M	1962	
ParlaMint-TR-en_2015-10-01-tbmm-T25	tbmm-2015-10-01sit02spe0140par0461	The Turkish parliamentary corpus ParlaMint-TR-en, Term 25, Year 2, Session 1	2015-10-01	Unicameralism	25	2	1	-	-	Reference	English	Regular	MP	notMinister	AKP	Justice and Development Party	Coalition	Right	OsmanAşkın.Bak	Bak, Osman Aşkın	M	1966	
ParlaMint-TR-en_2015-10-01-tbmm-T25	tbmm-2015-10-01sit02spe0136par0462	The Turkish parliamentary corpus ParlaMint-TR-en, Term 25, Year 2, Session 1	2015-10-01	Unicameralism	25	2	1	-	-	Reference	English	Regular	MP	notMinister	HDP	Peoples' Democratic Party	Opposition	Centre-left to left	SırrıSüreyya.Önder	Önder, Sırrı Süreyya	M	1962	
ParlaMint-TR-en_2015-10-01-tbmm-T25	tbmm-2015-10-01sit02spe0141par0463	The Turkish parliamentary corpus ParlaMint-TR-en, Term 25, Year 2, Session 1	2015-10-01	Unicameralism	25	2	1	-	-	Reference	English	Regular	MP	notMinister	AKP	Justice and Development Party	Coalition	Right	İlknur.İnceöz	İnceöz, İlknur	F	1973	
ParlaMint-TR-en_2015-10-01-tbmm-T25	tbmm-2015-10-01sit02spe0136par0464	The Turkish parliamentary corpus ParlaMint-TR-en, Term 25, Year 2, Session 1	2015-10-01	Unicameralism	25	2	1	-	-	Reference	English	Regular	MP	notMinister	HDP	Peoples' Democratic Party	Opposition	Centre-left to left	SırrıSüreyya.Önder	Önder, Sırrı Süreyya	M	1962	
ParlaMint-TR-en_2015-10-01-tbmm-T25	tbmm-2015-10-01sit02spe0142par0466	The Turkish parliamentary corpus ParlaMint-TR-en, Term 25, Year 2, Session 1	2015-10-01	Unicameralism	25	2	1	-	-	Reference	English	Regular	MP	notMinister	AKP	Justice and Development Party	Coalition	Right	İlyas.Şeker	Şeker, İlyas	M	1960	
ParlaMint-TR-en_2015-10-01-tbmm-T25	tbmm-2015-10-01sit02spe0136par0468	The Turkish parliamentary corpus ParlaMint-TR-en, Term 25, Year 2, Session 1	2015-10-01	Unicameralism	25	2	1	-	-	Reference	English	Regular	MP	notMinister	HDP	Peoples' Democratic Party	Opposition	Centre-left to left	SırrıSüreyya.Önder	Önder, Sırrı Süreyya	M	1962	
ParlaMint-TR-en_2015-10-01-tbmm-T25	tbmm-2015-10-01sit02spe0143par0469	The Turkish parliamentary corpus ParlaMint-TR-en, Term 25, Year 2, Session 1	2015-10-01	Unicameralism	25	2	1	-	-	Reference	English	Regular	MP	notMinister	HDP	Peoples' Democratic Party	Opposition	Centre-left to left	İdris.Baluken	Baluken, İdris	M	1976	
ParlaMint-TR-en_2015-10-01-tbmm-T25	tbmm-2015-10-01sit02spe0136par0470	The Turkish parliamentary corpus ParlaMint-TR-en, Term 25, Year 2, Session 1	2015-10-01	Unicameralism	25	2	1	-	-	Reference	English	Regular	MP	notMinister	HDP	Peoples' Democratic Party	Opposition	Centre-left to left	SırrıSüreyya.Önder	Önder, Sırrı Süreyya	M	1962	
ParlaMint-TR-en_2015-10-01-tbmm-T25	tbmm-2015-10-01sit02spe0144par0474	The Turkish parliamentary corpus ParlaMint-TR-en, Term 25, Year 2, Session 1	2015-10-01	Unicameralism	25	2	1	-	-	Reference	English	Regular	MP	notMinister	AKP	Justice and Development Party	Coalition	Right	Öznur.Çalık	Çalık, Öznur	F	1965	
ParlaMint-TR-en_2015-10-01-tbmm-T25	tbmm-2015-10-01sit02spe0136par0475	The Turkish parliamentary corpus ParlaMint-TR-en, Term 25, Year 2, Session 1	2015-10-01	Unicameralism	25	2	1	-	-	Reference	English	Regular	MP	notMinister	HDP	Peoples' Democratic Party	Opposition	Centre-left to left	SırrıSüreyya.Önder	Önder, Sırrı Süreyya	M	1962	
ParlaMint-TR-en_2015-10-01-tbmm-T25	tbmm-2015-10-01sit02spe0144par0477	The Turkish parliamentary corpus ParlaMint-TR-en, Term 25, Year 2, Session 1	2015-10-01	Unicameralism	25	2	1	-	-	Reference	English	Regular	MP	notMinister	AKP	Justice and Development Party	Coalition	Right	Öznur.Çalık	Çalık, Öznur	F	1965	
ParlaMint-TR-en_2015-10-01-tbmm-T25	tbmm-2015-10-01sit02spe0136par0478	The Turkish parliamentary corpus ParlaMint-TR-en, Term 25, Year 2, Session 1	2015-10-01	Unicameralism	25	2	1	-	-	Reference	English	Regular	MP	notMinister	HDP	Peoples' Democratic Party	Opposition	Centre-left to left	SırrıSüreyya.Önder	Önder, Sırrı Süreyya	M	1962	
ParlaMint-TR-en_2015-10-01-tbmm-T25	tbmm-2015-10-01sit02spe0144par0481	The Turkish parliamentary corpus ParlaMint-TR-en, Term 25, Year 2, Session 1	2015-10-01	Unicameralism	25	2	1	-	-	Reference	English	Regular	MP	notMinister	AKP	Justice and Development Party	Coalition	Right	Öznur.Çalık	Çalık, Öznur	F	1965	
ParlaMint-TR-en_2015-10-01-tbmm-T25	tbmm-2015-10-01sit02spe0136par0482	The Turkish parliamentary corpus ParlaMint-TR-en, Term 25, Year 2, Session 1	2015-10-01	Unicameralism	25	2	1	-	-	Reference	English	Regular	MP	notMinister	HDP	Peoples' Democratic Party	Opposition	Centre-left to left	SırrıSüreyya.Önder	Önder, Sırrı Süreyya	M	1962	
ParlaMint-TR-en_2015-10-01-tbmm-T25	tbmm-2015-10-01sit02spe0145par0486	The Turkish parliamentary corpus ParlaMint-TR-en, Term 25, Year 2, Session 1	2015-10-01	Unicameralism	25	2	1	-	-	Reference	English	Regular	MP	notMinister	MHP	Nationalist Movement Party	Opposition	Right to far-right	Yavuz.Temizer	Temizer, Yavuz	M	1976	
ParlaMint-TR-en_2015-10-01-tbmm-T25	tbmm-2015-10-01sit02spe0136par0487	The Turkish parliamentary corpus ParlaMint-TR-en, Term 25, Year 2, Session 1	2015-10-01	Unicameralism	25	2	1	-	-	Reference	English	Regular	MP	notMinister	HDP	Peoples' Democratic Party	Opposition	Centre-left to left	SırrıSüreyya.Önder	Önder, Sırrı Süreyya	M	1962	
ParlaMint-TR-en_2015-10-01-tbmm-T25	tbmm-2015-10-01sit02spe0146par0488	The Turkish parliamentary corpus ParlaMint-TR-en, Term 25, Year 2, Session 1	2015-10-01	Unicameralism	25	2	1	-	-	Reference	English	Regular	MP	notMinister	AKP	Justice and Development Party	Coalition	Right	OsmanAşkın.Bak	Bak, Osman Aşkın	M	1966	
ParlaMint-TR-en_2015-10-01-tbmm-T25	tbmm-2015-10-01sit02spe0136par0489	The Turkish parliamentary corpus ParlaMint-TR-en, Term 25, Year 2, Session 1	2015-10-01	Unicameralism	25	2	1	-	-	Reference	English	Regular	MP	notMinister	HDP	Peoples' Democratic Party	Opposition	Centre-left to left	SırrıSüreyya.Önder	Önder, Sırrı Süreyya	M	1962	
ParlaMint-TR-en_2015-10-01-tbmm-T25	tbmm-2015-10-01sit02spe0146par0491	The Turkish parliamentary corpus ParlaMint-TR-en, Term 25, Year 2, Session 1	2015-10-01	Unicameralism	25	2	1	-	-	Reference	English	Regular	MP	notMinister	AKP	Justice and Development Party	Coalition	Right	OsmanAşkın.Bak	Bak, Osman Aşkın	M	1966	
ParlaMint-TR-en_2015-10-01-tbmm-T25	tbmm-2015-10-01sit02spe0147par0492	The Turkish parliamentary corpus ParlaMint-TR-en, Term 25, Year 2, Session 1	2015-10-01	Unicameralism	25	2	1	-	-	Reference	English	Chairperson	MP	notMinister	AKP	Justice and Development Party	Coalition	Right	İsmet.Yılmaz	Yılmaz, İsmet	M	1961	
ParlaMint-TR-en_2015-10-01-tbmm-T25	tbmm-2015-10-01sit02spe0148par0494	The Turkish parliamentary corpus ParlaMint-TR-en, Term 25, Year 2, Session 1	2015-10-01	Unicameralism	25	2	1	-	-	Reference	English	Regular	MP	notMinister	HDP	Peoples' Democratic Party	Opposition	Centre-left to left	İdris.Baluken	Baluken, İdris	M	1976	
ParlaMint-TR-en_2015-10-01-tbmm-T25	tbmm-2015-10-01sit02spe0147par0495	The Turkish parliamentary corpus ParlaMint-TR-en, Term 25, Year 2, Session 1	2015-10-01	Unicameralism	25	2	1	-	-	Reference	English	Chairperson	MP	notMinister	AKP	Justice and Development Party	Coalition	Right	İsmet.Yılmaz	Yılmaz, İsmet	M	1961	
ParlaMint-TR-en_2015-10-01-tbmm-T25	tbmm-2015-10-01sit02spe0149par0496	The Turkish parliamentary corpus ParlaMint-TR-en, Term 25, Year 2, Session 1	2015-10-01	Unicameralism	25	2	1	-	-	Reference	English	Regular	MP	notMinister	CHP	Republican People's Party	Opposition	Centre-left	Barış.Yarkadaş	Yarkadaş, Barış	M	1974	
ParlaMint-TR-en_2015-10-01-tbmm-T25	tbmm-2015-10-01sit02spe0147par0497	The Turkish parliamentary corpus ParlaMint-TR-en, Term 25, Year 2, Session 1	2015-10-01	Unicameralism	25	2	1	-	-	Reference	English	Chairperson	MP	notMinister	AKP	Justice and Development Party	Coalition	Right	İsmet.Yılmaz	Yılmaz, İsmet	M	1961	
ParlaMint-TR-en_2015-10-01-tbmm-T25	tbmm-2015-10-01sit02spe0150par0500	The Turkish parliamentary corpus ParlaMint-TR-en, Term 25, Year 2, Session 1	2015-10-01	Unicameralism	25	2	1	-	-	Reference	English	Regular	MP	notMinister	HDP	Peoples' Democratic Party	Opposition	Centre-left to left	İdris.Baluken	Baluken, İdris	M	1976	
ParlaMint-TR-en_2015-10-01-tbmm-T25	tbmm-2015-10-01sit02spe0147par0501	The Turkish parliamentary corpus ParlaMint-TR-en, Term 25, Year 2, Session 1	2015-10-01	Unicameralism	25	2	1	-	-	Reference	English	Chairperson	MP	notMinister	AKP	Justice and Development Party	Coalition	Right	İsmet.Yılmaz	Yılmaz, İsmet	M	1961	
ParlaMint-TR-en_2015-10-01-tbmm-T25	tbmm-2015-10-01sit02spe0151par0502	The Turkish parliamentary corpus ParlaMint-TR-en, Term 25, Year 2, Session 1	2015-10-01	Unicameralism	25	2	1	-	-	Reference	English	Regular	MP	notMinister	CHP	Republican People's Party	Opposition	Centre-left	Barış.Yarkadaş	Yarkadaş, Barış	M	1974	
ParlaMint-TR-en_2015-10-01-tbmm-T25	tbmm-2015-10-01sit02spe0150par0503	The Turkish parliamentary corpus ParlaMint-TR-en, Term 25, Year 2, Session 1	2015-10-01	Unicameralism	25	2	1	-	-	Reference	English	Regular	MP	notMinister	HDP	Peoples' Democratic Party	Opposition	Centre-left to left	İdris.Baluken	Baluken, İdris	M	1976	
ParlaMint-TR-en_2015-10-01-tbmm-T25	tbmm-2015-10-01sit02spe0147par0504	The Turkish parliamentary corpus ParlaMint-TR-en, Term 25, Year 2, Session 1	2015-10-01	Unicameralism	25	2	1	-	-	Reference	English	Chairperson	MP	notMinister	AKP	Justice and Development Party	Coalition	Right	İsmet.Yılmaz	Yılmaz, İsmet	M	1961	
ParlaMint-TR-en_2015-10-01-tbmm-T25	tbmm-2015-10-01sit02spe0152par0505	The Turkish parliamentary corpus ParlaMint-TR-en, Term 25, Year 2, Session 1	2015-10-01	Unicameralism	25	2	1	-	-	Reference	English	Regular	MP	notMinister	MHP	Nationalist Movement Party	Opposition	Right to far-right	Yavuz.Temizer	Temizer, Yavuz	M	1976	
ParlaMint-TR-en_2015-10-01-tbmm-T25	tbmm-2015-10-01sit02spe0153par0506	The Turkish parliamentary corpus ParlaMint-TR-en, Term 25, Year 2, Session 1	2015-10-01	Unicameralism	25	2	1	-	-	Reference	English	Regular	MP	notMinister	CHP	Republican People's Party	Opposition	Centre-left	Barış.Yarkadaş	Yarkadaş, Barış	M	1974	
ParlaMint-TR-en_2015-10-01-tbmm-T25	tbmm-2015-10-01sit02spe0147par0507	The Turkish parliamentary corpus ParlaMint-TR-en, Term 25, Year 2, Session 1	2015-10-01	Unicameralism	25	2	1	-	-	Reference	English	Chairperson	MP	notMinister	AKP	Justice and Development Party	Coalition	Right	İsmet.Yılmaz	Yılmaz, İsmet	M	1961	
ParlaMint-TR-en_2015-10-01-tbmm-T25	tbmm-2015-10-01sit02spe0153par0508	The Turkish parliamentary corpus ParlaMint-TR-en, Term 25, Year 2, Session 1	2015-10-01	Unicameralism	25	2	1	-	-	Reference	English	Regular	MP	notMinister	CHP	Republican People's Party	Opposition	Centre-left	Barış.Yarkadaş	Yarkadaş, Barış	M	1974	
ParlaMint-TR-en_2015-10-01-tbmm-T25	tbmm-2015-10-01sit02spe0147par0509	The Turkish parliamentary corpus ParlaMint-TR-en, Term 25, Year 2, Session 1	2015-10-01	Unicameralism	25	2	1	-	-	Reference	English	Chairperson	MP	notMinister	AKP	Justice and Development Party	Coalition	Right	İsmet.Yılmaz	Yılmaz, İsmet	M	1961	
ParlaMint-TR-en_2015-10-01-tbmm-T25	tbmm-2015-10-01sit02spe0154par0512	The Turkish parliamentary corpus ParlaMint-TR-en, Term 25, Year 2, Session 1	2015-10-01	Unicameralism	25	2	1	-	-	Reference	English	Regular	MP	notMinister	HDP	Peoples' Democratic Party	Opposition	Centre-left to left	İdris.Baluken	Baluken, İdris	M	1976	
ParlaMint-TR-en_2015-10-01-tbmm-T25	tbmm-2015-10-01sit02spe0155par0518	The Turkish parliamentary corpus ParlaMint-TR-en, Term 25, Year 2, Session 1	2015-10-01	Unicameralism	25	2	1	-	-	Reference	English	Chairperson	MP	notMinister	AKP	Justice and Development Party	Coalition	Right	İsmet.Yılmaz	Yılmaz, İsmet	M	1961	
ParlaMint-TR-en_2015-10-01-tbmm-T25	tbmm-2015-10-01sit02spe0156par0521	The Turkish parliamentary corpus ParlaMint-TR-en, Term 25, Year 2, Session 1	2015-10-01	Unicameralism	25	2	1	-	-	Reference	English	Regular	MP	notMinister	MHP	Nationalist Movement Party	Opposition	Right to far-right	Oktay.Vural	Vural, Oktay	M	1956	
ParlaMint-TR-en_2015-10-01-tbmm-T25	tbmm-2015-10-01sit02spe0157par0529	The Turkish parliamentary corpus ParlaMint-TR-en, Term 25, Year 2, Session 1	2015-10-01	Unicameralism	25	2	1	-	-	Reference	English	Chairperson	MP	notMinister	AKP	Justice and Development Party	Coalition	Right	İsmet.Yılmaz	Yılmaz, İsmet	M	1961	
ParlaMint-TR-en_2015-10-01-tbmm-T25	tbmm-2015-10-01sit02spe0158par0532	The Turkish parliamentary corpus ParlaMint-TR-en, Term 25, Year 2, Session 1	2015-10-01	Unicameralism	25	2	1	-	-	Reference	English	Regular	MP	notMinister	CHP	Republican People's Party	Opposition	Centre-left	Levent.Gök	Gök, Levent	M	1959	
ParlaMint-TR-en_2015-10-01-tbmm-T25	tbmm-2015-10-01sit02spe0159par0538	The Turkish parliamentary corpus ParlaMint-TR-en, Term 25, Year 2, Session 1	2015-10-01	Unicameralism	25	2	1	-	-	Reference	English	Chairperson	MP	notMinister	AKP	Justice and Development Party	Coalition	Right	İsmet.Yılmaz	Yılmaz, İsmet	M	1961	
ParlaMint-TR-en_2015-10-01-tbmm-T25	tbmm-2015-10-01sit02spe0160par0541	The Turkish parliamentary corpus ParlaMint-TR-en, Term 25, Year 2, Session 1	2015-10-01	Unicameralism	25	2	1	-	-	Reference	English	Regular	MP	notMinister	AKP	Justice and Development Party	Coalition	Right	Ahmet.Aydın1971	Aydın, Ahmet	M	1971	
ParlaMint-TR-en_2015-10-01-tbmm-T25	tbmm-2015-10-01sit02spe0161par0550	The Turkish parliamentary corpus ParlaMint-TR-en, Term 25, Year 2, Session 1	2015-10-01	Unicameralism	25	2	1	-	-	Reference	English	Chairperson	MP	notMinister	AKP	Justice and Development Party	Coalition	Right	İsmet.Yılmaz	Yılmaz, İsmet	M	1961	
